unix_timestamp	Accel._X	Accel._Y	Accel._Z	Gyro_Phi	Gyro_Psi	Gyro_Theta	vis._rot_r1	vis._rot_r2	vis._rot_r3	vis._rot_r4	vis._rot_r5	vis._rot_r6	vis._rot_r7	vis._rot_r8	vis._rot_r9	vis._x	vis._y	vis._z	
1274188806476	 	 	 	 	 	 	0.994797	0.0666115	0.0770873	-0.0854003	0.957808	0.274428	-0.0555548	-0.279583	0.958513	0.227619	0.0599245	-0.290407	
1274188806490	22	265	-1010	30095	29764	29966	 	 	 	 	 	 	 	 	 	 	 	 	
1274188806495	34	261	-1010	30113	29571	29951	 	 	 	 	 	 	 	 	 	 	 	 	
1274188806500	45	257	-1015	30099	29575	30016	 	 	 	 	 	 	 	 	 	 	 	 	
1274188806505	52	258	-1017	30067	29575	30017	 	 	 	 	 	 	 	 	 	 	 	 	
1274188806508	 	 	 	 	 	 	0.994971	0.0590032	0.0809463	-0.0796892	0.955873	0.282766	-0.0606903	-0.287795	0.955767	0.226705	0.0575551	-0.308907	
1274188806510	58	257	-1013	30103	29551	30021	 	 	 	 	 	 	 	 	 	 	 	 	
1274188806515	61	260	-1011	30095	29678	30023	 	 	 	 	 	 	 	 	 	 	 	 	
1274188806520	64	262	-1004	30099	29551	30023	 	 	 	 	 	 	 	 	 	 	 	 	
1274188806525	70	266	-1001	30067	29575	30007	 	 	 	 	 	 	 	 	 	 	 	 	
1274188806530	75	275	-993	30080	29519	29960	 	 	 	 	 	 	 	 	 	 	 	 	
1274188806535	82	282	-984	30067	29591	29943	 	 	 	 	 	 	 	 	 	 	 	 	
1274188806540	90	291	-975	30065	29603	29939	 	 	 	 	 	 	 	 	 	 	 	 	
1274188806542	 	 	 	 	 	 	0.995026	0.0500003	0.086161	-0.0736465	0.951641	0.298254	-0.0670816	-0.303115	0.95059	0.225539	0.0522544	-0.327921	
1274188806545	97	298	-972	30071	29583	29911	 	 	 	 	 	 	 	 	 	 	 	 	
1274188806550	101	305	-967	30067	29633	29888	 	 	 	 	 	 	 	 	 	 	 	 	
1274188806555	103	311	-963	30031	29679	29824	 	 	 	 	 	 	 	 	 	 	 	 	
1274188806560	102	307	-961	30094	29820	29756	 	 	 	 	 	 	 	 	 	 	 	 	
1274188806565	101	302	-958	30051	29655	29815	 	 	 	 	 	 	 	 	 	 	 	 	
1274188806570	90	296	-960	30084	29881	29724	 	 	 	 	 	 	 	 	 	 	 	 	
1274188806574	 	 	 	 	 	 	0.995902	0.0432132	0.0794473	-0.0659376	0.94818	0.310817	-0.061899	-0.314781	0.947144	0.226733	0.0477626	-0.347291	
1274188806575	74	287	-958	30030	29852	29694	 	 	 	 	 	 	 	 	 	 	 	 	
1274188806580	62	275	-950	30065	29713	29776	 	 	 	 	 	 	 	 	 	 	 	 	
1274188806585	50	265	-948	30062	29647	29774	 	 	 	 	 	 	 	 	 	 	 	 	
1274188806590	36	257	-946	30067	29719	29779	 	 	 	 	 	 	 	 	 	 	 	 	
1274188806595	24	251	-948	30067	29719	29792	 	 	 	 	 	 	 	 	 	 	 	 	
1274188806601	18	248	-954	30087	29838	29775	 	 	 	 	 	 	 	 	 	 	 	 	
1274188806606	14	247	-955	30108	29753	29753	 	 	 	 	 	 	 	 	 	 	 	 	
1274188806607	 	 	 	 	 	 	0.996155	0.0375561	0.0791502	-0.0612434	0.94455	0.322607	-0.0626454	-0.326214	0.943218	0.224954	0.0438065	-0.366696	
1274188806611	15	248	-953	30073	29729	29817	 	 	 	 	 	 	 	 	 	 	 	 	
1274188806616	15	245	-954	30073	29713	29811	 	 	 	 	 	 	 	 	 	 	 	 	
1274188806621	18	248	-952	30127	29838	29838	 	 	 	 	 	 	 	 	 	 	 	 	
1274188806626	22	254	-947	30094	29852	29774	 	 	 	 	 	 	 	 	 	 	 	 	
1274188806631	27	258	-940	30110	29720	29756	 	 	 	 	 	 	 	 	 	 	 	 	
1274188806636	31	264	-931	30129	29651	29811	 	 	 	 	 	 	 	 	 	 	 	 	
1274188806639	 	 	 	 	 	 	0.996258	0.032118	0.0802444	-0.0570852	0.941603	0.331851	-0.0648999	-0.33519	0.939913	0.223492	0.0411802	-0.385422	
1274188806641	38	266	-926	30158	29820	29756	 	 	 	 	 	 	 	 	 	 	 	 	
1274188806646	42	274	-927	30172	29583	29807	 	 	 	 	 	 	 	 	 	 	 	 	
1274188806651	47	278	-928	30177	29619	29795	 	 	 	 	 	 	 	 	 	 	 	 	
1274188806656	52	288	-930	30179	29607	29799	 	 	 	 	 	 	 	 	 	 	 	 	
1274188806661	63	285	-930	30183	29583	29775	 	 	 	 	 	 	 	 	 	 	 	 	
1274188806666	62	290	-927	30179	29615	29779	 	 	 	 	 	 	 	 	 	 	 	 	
1274188806671	67	291	-926	30216	29705	29736	 	 	 	 	 	 	 	 	 	 	 	 	
1274188806672	 	 	 	 	 	 	0.996779	0.0247046	0.0762981	-0.0505384	0.932195	0.358412	-0.0622703	-0.361113	0.930441	0.223171	0.0318879	-0.403317	
1274188806676	71	290	-918	30183	29637	29777	 	 	 	 	 	 	 	 	 	 	 	 	
1274188806681	72	292	-913	30174	29880	29692	 	 	 	 	 	 	 	 	 	 	 	 	
1274188806686	67	295	-904	30214	29884	29694	 	 	 	 	 	 	 	 	 	 	 	 	
1274188806691	70	298	-895	30179	29671	29779	 	 	 	 	 	 	 	 	 	 	 	 	
1274188806696	62	301	-880	30228	29728	29744	 	 	 	 	 	 	 	 	 	 	 	 	
1274188806701	57	300	-873	30201	29683	29795	 	 	 	 	 	 	 	 	 	 	 	 	
1274188806705	 	 	 	 	 	 	0.997136	0.0163766	0.0738379	-0.0429163	0.926399	0.374091	-0.062277	-0.376188	0.924448	0.222074	0.0270154	-0.421662	
1274188806706	51	302	-864	30174	29729	29753	 	 	 	 	 	 	 	 	 	 	 	 	
1274188806711	46	301	-862	30224	29713	29816	 	 	 	 	 	 	 	 	 	 	 	 	
1274188806716	38	293	-861	30199	29647	29807	 	 	 	 	 	 	 	 	 	 	 	 	
1274188806721	35	292	-860	30236	29683	29809	 	 	 	 	 	 	 	 	 	 	 	 	
1274188806726	30	290	-861	30217	29681	29795	 	 	 	 	 	 	 	 	 	 	 	 	
1274188806731	30	291	-864	30207	29644	29799	 	 	 	 	 	 	 	 	 	 	 	 	
1274188806736	24	295	-868	30232	29667	29779	 	 	 	 	 	 	 	 	 	 	 	 	
1274188806738	 	 	 	 	 	 	0.997586	0.00973317	0.0687491	-0.0351094	0.924931	0.378509	-0.0599041	-0.38001	0.923041	0.222777	0.0276041	-0.441548	
1274188806741	32	295	-871	30236	29696	29753	 	 	 	 	 	 	 	 	 	 	 	 	
1274188806746	31	295	-874	30211	29655	29747	 	 	 	 	 	 	 	 	 	 	 	 	
1274188806751	37	296	-877	30191	29582	29743	 	 	 	 	 	 	 	 	 	 	 	 	
1274188806756	38	297	-882	30191	29774	29695	 	 	 	 	 	 	 	 	 	 	 	 	
1274188806761	36	300	-892	30159	29852	29662	 	 	 	 	 	 	 	 	 	 	 	 	
1274188806766	38	301	-906	30224	29680	29737	 	 	 	 	 	 	 	 	 	 	 	 	
1274188806770	 	 	 	 	 	 	0.997733	0.00300105	0.0672345	-0.0301388	0.913159	0.406489	-0.0601759	-0.407593	0.911179	0.220799	0.0167735	-0.456637	
1274188806771	38	304	-912	30159	29712	29662	 	 	 	 	 	 	 	 	 	 	 	 	
1274188806776	37	306	-913	30232	29696	29745	 	 	 	 	 	 	 	 	 	 	 	 	
1274188806782	35	313	-908	30158	29852	29663	 	 	 	 	 	 	 	 	 	 	 	 	
1274188806787	41	314	-904	30195	29671	29763	 	 	 	 	 	 	 	 	 	 	 	 	
1274188806792	36	317	-893	30195	29687	29779	 	 	 	 	 	 	 	 	 	 	 	 	
1274188806797	34	320	-876	30193	29715	29795	 	 	 	 	 	 	 	 	 	 	 	 	
1274188806802	28	321	-863	30158	29884	29726	 	 	 	 	 	 	 	 	 	 	 	 	
1274188806803	 	 	 	 	 	 	0.998105	-0.00038556	0.0615346	-0.0255021	0.907473	0.419336	-0.0560027	-0.420111	0.905743	0.221425	0.012248	-0.474406	
1274188806807	26	321	-847	30216	29747	29817	 	 	 	 	 	 	 	 	 	 	 	 	
1274188806812	25	325	-833	30159	29679	29830	 	 	 	 	 	 	 	 	 	 	 	 	
1274188806817	32	332	-830	30158	29952	29758	 	 	 	 	 	 	 	 	 	 	 	 	
1274188806822	27	337	-820	30161	29763	29811	 	 	 	 	 	 	 	 	 	 	 	 	
1274188806827	24	340	-816	30156	29902	29838	 	 	 	 	 	 	 	 	 	 	 	 	
1274188806832	23	343	-822	30151	29902	29828	 	 	 	 	 	 	 	 	 	 	 	 	
1274188806835	 	 	 	 	 	 	0.99849	-0.00305161	0.0548523	-0.02071	0.903884	0.427276	-0.0508839	-0.427767	0.902456	0.223519	0.00985431	-0.491388	
1274188806837	26	344	-831	30127	29795	29811	 	 	 	 	 	 	 	 	 	 	 	 	
1274188806842	31	343	-838	30110	29817	29752	 	 	 	 	 	 	 	 	 	 	 	 	
1274188806847	32	346	-841	30119	29966	29772	 	 	 	 	 	 	 	 	 	 	 	 	
1274188806852	40	348	-842	30094	29980	29694	 	 	 	 	 	 	 	 	 	 	 	 	
1274188806857	46	351	-842	30110	30015	29692	 	 	 	 	 	 	 	 	 	 	 	 	
1274188806862	54	351	-841	30067	29859	29763	 	 	 	 	 	 	 	 	 	 	 	 	
1274188806867	62	347	-843	30067	29859	29761	 	 	 	 	 	 	 	 	 	 	 	 	
1274188806869	 	 	 	 	 	 	0.997812	-0.0108268	0.0652167	-0.0176026	0.907375	0.419954	-0.0637227	-0.420183	0.905199	0.215231	0.015523	-0.5086	
1274188806872	64	342	-845	30063	30028	29774	 	 	 	 	 	 	 	 	 	 	 	 	
1274188806877	67	336	-844	30076	29920	29753	 	 	 	 	 	 	 	 	 	 	 	 	
1274188806882	71	336	-842	30062	29839	29772	 	 	 	 	 	 	 	 	 	 	 	 	
1274188806887	65	334	-833	30046	30136	29692	 	 	 	 	 	 	 	 	 	 	 	 	
1274188806892	62	338	-824	30039	29903	29783	 	 	 	 	 	 	 	 	 	 	 	 	
1274188806897	51	336	-812	30072	29939	29753	 	 	 	 	 	 	 	 	 	 	 	 	
1274188806901	 	 	 	 	 	 	0.998086	-0.0102195	0.0609865	-0.0167757	0.904513	0.426116	-0.0595178	-0.426323	0.902611	0.21504	0.0124965	-0.522775	
1274188806902	41	340	-802	30023	29903	29799	 	 	 	 	 	 	 	 	 	 	 	 	
1274188806907	31	344	-800	30009	29939	29816	 	 	 	 	 	 	 	 	 	 	 	 	
1274188806912	18	345	-793	30008	29939	29809	 	 	 	 	 	 	 	 	 	 	 	 	
1274188806917	13	350	-784	29947	29939	29811	 	 	 	 	 	 	 	 	 	 	 	 	
1274188806922	10	352	-776	29939	29936	29827	 	 	 	 	 	 	 	 	 	 	 	 	
1274188806927	13	356	-767	29967	30094	29774	 	 	 	 	 	 	 	 	 	 	 	 	
1274188806932	15	361	-762	29959	29895	29857	 	 	 	 	 	 	 	 	 	 	 	 	
1274188806934	 	 	 	 	 	 	0.998553	-0.00700242	0.0533104	-0.0166426	0.902541	0.430283	-0.0511278	-0.430548	0.901119	0.218387	0.00958634	-0.53601	
1274188806937	21	365	-761	29992	29937	29817	 	 	 	 	 	 	 	 	 	 	 	 	
1274188806942	26	367	-757	29902	30108	29832	 	 	 	 	 	 	 	 	 	 	 	 	
1274188806947	31	364	-756	29935	29839	29871	 	 	 	 	 	 	 	 	 	 	 	 	
1274188806952	37	362	-757	29903	30092	29826	 	 	 	 	 	 	 	 	 	 	 	 	
1274188806957	38	360	-760	29960	29968	29820	 	 	 	 	 	 	 	 	 	 	 	 	
1274188806962	43	356	-761	29881	29920	29819	 	 	 	 	 	 	 	 	 	 	 	 	
1274188806966	 	 	 	 	 	 	0.998208	-0.00478089	0.0596438	-0.0228497	0.8908	0.45382	-0.0553004	-0.45437	0.889095	0.214587	-0.00619977	-0.543683	
1274188806967	41	352	-764	29907	30030	29839	 	 	 	 	 	 	 	 	 	 	 	 	
1274188806973	43	352	-766	29909	29900	29863	 	 	 	 	 	 	 	 	 	 	 	 	
1274188806978	42	351	-771	29884	29968	29757	 	 	 	 	 	 	 	 	 	 	 	 	
1274188806983	45	348	-778	29881	29923	29811	 	 	 	 	 	 	 	 	 	 	 	 	
1274188806988	46	351	-784	29884	29992	29756	 	 	 	 	 	 	 	 	 	 	 	 	
1274188806993	46	352	-783	29875	29891	29831	 	 	 	 	 	 	 	 	 	 	 	 	
1274188806998	42	353	-781	29863	29891	29831	 	 	 	 	 	 	 	 	 	 	 	 	
1274188806999	 	 	 	 	 	 	0.998285	-0.0044591	0.0583654	-0.0233133	0.884313	0.466313	-0.0536926	-0.466874	0.882692	0.214899	-0.0159875	-0.552202	
1274188807003	43	348	-776	29838	30092	29774	 	 	 	 	 	 	 	 	 	 	 	 	
1274188807008	44	346	-773	29888	29871	29756	 	 	 	 	 	 	 	 	 	 	 	 	
1274188807013	43	345	-770	29811	29895	29811	 	 	 	 	 	 	 	 	 	 	 	 	
1274188807018	35	348	-767	29843	29889	29825	 	 	 	 	 	 	 	 	 	 	 	 	
1274188807023	32	352	-767	29838	30088	29774	 	 	 	 	 	 	 	 	 	 	 	 	
1274188807028	26	356	-767	29811	29904	29811	 	 	 	 	 	 	 	 	 	 	 	 	
1274188807031	 	 	 	 	 	 	0.998544	-0.00232705	0.0538995	-0.0221397	0.893393	0.448731	-0.0491977	-0.449271	0.89204	0.216945	-0.00760527	-0.563064	
1274188807033	25	357	-764	29817	29907	29809	 	 	 	 	 	 	 	 	 	 	 	 	
1274188807038	23	354	-767	29852	29968	29756	 	 	 	 	 	 	 	 	 	 	 	 	
1274188807043	21	353	-772	29824	30046	29774	 	 	 	 	 	 	 	 	 	 	 	 	
1274188807048	21	350	-783	29824	30046	29774	 	 	 	 	 	 	 	 	 	 	 	 	
1274188807053	18	348	-784	29811	29895	29841	 	 	 	 	 	 	 	 	 	 	 	 	
1274188807058	18	348	-787	29809	29907	29811	 	 	 	 	 	 	 	 	 	 	 	 	
1274188807063	17	350	-790	29816	30030	29836	 	 	 	 	 	 	 	 	 	 	 	 	
1274188807065	 	 	 	 	 	 	0.998436	-0.00142177	0.0558907	-0.0246237	0.886316	0.462426	-0.0501943	-0.463079	0.884895	0.215261	-0.0197435	-0.568263	
1274188807068	14	350	-793	29817	29920	29809	 	 	 	 	 	 	 	 	 	 	 	 	
1274188807073	14	351	-793	29817	29937	29817	 	 	 	 	 	 	 	 	 	 	 	 	
1274188807078	11	352	-794	29817	29923	29795	 	 	 	 	 	 	 	 	 	 	 	 	
1274188807083	11	354	-796	29836	30008	29724	 	 	 	 	 	 	 	 	 	 	 	 	
1274188807088	13	357	-801	29807	30092	29760	 	 	 	 	 	 	 	 	 	 	 	 	
1274188807093	15	358	-801	29799	29903	29743	 	 	 	 	 	 	 	 	 	 	 	 	
1274188807097	 	 	 	 	 	 	0.998675	0.00106315	0.0514567	-0.0242824	0.891251	0.452861	-0.0453794	-0.45351	0.890095	0.217012	-0.0173194	-0.576922	
1274188807098	12	358	-805	29811	29927	29731	 	 	 	 	 	 	 	 	 	 	 	 	
1274188807103	14	360	-800	29817	29939	29713	 	 	 	 	 	 	 	 	 	 	 	 	
1274188807108	12	358	-800	29832	30009	29628	 	 	 	 	 	 	 	 	 	 	 	 	
1274188807113	13	358	-801	29817	29939	29697	 	 	 	 	 	 	 	 	 	 	 	 	
1274188807118	11	360	-803	29811	29943	29699	 	 	 	 	 	 	 	 	 	 	 	 	
1274188807123	8	358	-807	29774	30140	29646	 	 	 	 	 	 	 	 	 	 	 	 	
1274188807128	6	356	-807	29831	29961	29703	 	 	 	 	 	 	 	 	 	 	 	 	
1274188807130	 	 	 	 	 	 	0.998907	0.00415276	0.0465621	-0.0253255	0.885286	0.464356	-0.0392924	-0.465028	0.884424	0.21665	-0.0276161	-0.578317	
1274188807133	6	355	-812	29838	30172	29628	 	 	 	 	 	 	 	 	 	 	 	 	
1274188807138	7	350	-816	29843	29975	29719	 	 	 	 	 	 	 	 	 	 	 	 	
1274188807143	6	352	-824	29843	29959	29730	 	 	 	 	 	 	 	 	 	 	 	 	
1274188807148	4	350	-827	29838	30140	29662	 	 	 	 	 	 	 	 	 	 	 	 	
1274188807153	-1	348	-831	29859	29959	29735	 	 	 	 	 	 	 	 	 	 	 	 	
1274188807158	-3	352	-830	29854	30143	29660	 	 	 	 	 	 	 	 	 	 	 	 	
1274188807162	 	 	 	 	 	 	0.999187	0.00775185	0.0395628	-0.0248474	0.891207	0.452916	-0.0317477	-0.453531	0.890675	0.218336	-0.0227094	-0.584691	
1274188807163	-4	350	-831	29838	30110	29663	 	 	 	 	 	 	 	 	 	 	 	 	
1274188807168	-6	352	-832	29852	29993	29752	 	 	 	 	 	 	 	 	 	 	 	 	
1274188807174	0	352	-834	29863	29903	29774	 	 	 	 	 	 	 	 	 	 	 	 	
1274188807179	-2	351	-836	29839	30110	29695	 	 	 	 	 	 	 	 	 	 	 	 	
1274188807184	2	353	-840	29823	29923	29792	 	 	 	 	 	 	 	 	 	 	 	 	
1274188807189	4	356	-837	29881	29937	29753	 	 	 	 	 	 	 	 	 	 	 	 	
1274188807194	4	367	-844	29889	29895	29795	 	 	 	 	 	 	 	 	 	 	 	 	
1274188807195	 	 	 	 	 	 	0.999213	0.0111987	0.0380401	-0.0273382	0.889425	0.456263	-0.0287243	-0.456944	0.889031	0.218088	-0.0269731	-0.587689	
1274188807199	-1	367	-851	29891	29839	29807	 	 	 	 	 	 	 	 	 	 	 	 	
1274188807204	-4	378	-854	29891	29966	29825	 	 	 	 	 	 	 	 	 	 	 	 	
1274188807209	-5	381	-867	29884	29839	29817	 	 	 	 	 	 	 	 	 	 	 	 	
1274188807214	-8	386	-877	29895	29834	29807	 	 	 	 	 	 	 	 	 	 	 	 	
1274188807219	-13	392	-881	29899	29982	29774	 	 	 	 	 	 	 	 	 	 	 	 	
1274188807224	-18	398	-883	29902	30012	29726	 	 	 	 	 	 	 	 	 	 	 	 	
1274188807227	 	 	 	 	 	 	0.999433	0.0127742	0.0311574	-0.026099	0.878521	0.47699	-0.0212793	-0.477532	0.878356	0.222234	-0.0425748	-0.585845	
1274188807229	-23	404	-881	29900	29902	29768	 	 	 	 	 	 	 	 	 	 	 	 	
1274188807234	-26	412	-883	29907	29828	29799	 	 	 	 	 	 	 	 	 	 	 	 	
1274188807239	-26	416	-891	29898	29982	29772	 	 	 	 	 	 	 	 	 	 	 	 	
1274188807244	-28	420	-896	29903	29982	29695	 	 	 	 	 	 	 	 	 	 	 	 	
1274188807249	-36	427	-904	29907	29827	29779	 	 	 	 	 	 	 	 	 	 	 	 	
1274188807254	-38	430	-904	29881	29811	29753	 	 	 	 	 	 	 	 	 	 	 	 	
1274188807259	-37	430	-906	29903	29774	29803	 	 	 	 	 	 	 	 	 	 	 	 	
1274188807261	 	 	 	 	 	 	0.999413	0.0103348	0.0326577	-0.0246078	0.879839	0.474634	-0.0238283	-0.475159	0.879577	0.220099	-0.0423654	-0.589385	
1274188807264	-31	434	-903	29907	29807	29811	 	 	 	 	 	 	 	 	 	 	 	 	
1274188807269	-26	434	-898	29902	30012	29726	 	 	 	 	 	 	 	 	 	 	 	 	
1274188807274	-22	432	-893	29907	29793	29815	 	 	 	 	 	 	 	 	 	 	 	 	
1274188807279	-20	431	-883	29902	29980	29758	 	 	 	 	 	 	 	 	 	 	 	 	
1274188807284	-18	422	-876	29903	29902	29839	 	 	 	 	 	 	 	 	 	 	 	 	
1274188807289	-13	420	-870	29911	29762	29859	 	 	 	 	 	 	 	 	 	 	 	 	
1274188807293	 	 	 	 	 	 	0.99951	0.00778049	0.0303119	-0.0213796	0.877095	0.479841	-0.022853	-0.480254	0.876832	0.221386	-0.047199	-0.59109	
1274188807294	-11	420	-872	29918	29976	29824	 	 	 	 	 	 	 	 	 	 	 	 	
1274188807299	-4	420	-873	29907	29747	29863	 	 	 	 	 	 	 	 	 	 	 	 	
1274188807304	-1	422	-873	29907	29763	29863	 	 	 	 	 	 	 	 	 	 	 	 	
1274188807309	2	426	-880	29898	29902	29838	 	 	 	 	 	 	 	 	 	 	 	 	
1274188807314	4	432	-882	29891	29719	29863	 	 	 	 	 	 	 	 	 	 	 	 	
1274188807319	5	434	-885	29886	29960	29824	 	 	 	 	 	 	 	 	 	 	 	 	
1274188807324	4	436	-884	29881	29747	29817	 	 	 	 	 	 	 	 	 	 	 	 	
1274188807326	 	 	 	 	 	 	0.999535	0.00623525	0.0298626	-0.0196617	0.880128	0.474329	-0.0233253	-0.474696	0.879841	0.222516	-0.0451558	-0.594658	
1274188807329	6	435	-884	29854	29816	29759	 	 	 	 	 	 	 	 	 	 	 	 	
1274188807334	10	435	-878	29852	29753	29817	 	 	 	 	 	 	 	 	 	 	 	 	
1274188807339	10	436	-876	29858	29679	29839	 	 	 	 	 	 	 	 	 	 	 	 	
1274188807344	7	432	-875	29857	29735	29831	 	 	 	 	 	 	 	 	 	 	 	 	
1274188807349	2	433	-872	29811	29751	29840	 	 	 	 	 	 	 	 	 	 	 	 	
1274188807355	-2	427	-866	29838	29838	29831	 	 	 	 	 	 	 	 	 	 	 	 	
1274188807358	 	 	 	 	 	 	0.999523	0.00186307	0.0308279	-0.0169802	0.866924	0.498151	-0.0257974	-0.498437	0.866542	0.222067	-0.0633092	-0.591156	
1274188807360	-11	425	-862	29827	29695	29831	 	 	 	 	 	 	 	 	 	 	 	 	
1274188807365	-11	422	-857	29852	29830	29753	 	 	 	 	 	 	 	 	 	 	 	 	
1274188807370	-12	416	-854	29808	29743	29826	 	 	 	 	 	 	 	 	 	 	 	 	
1274188807375	-15	416	-855	29798	29902	29825	 	 	 	 	 	 	 	 	 	 	 	 	
1274188807380	-25	418	-848	29793	29767	29811	 	 	 	 	 	 	 	 	 	 	 	 	
1274188807385	-34	417	-850	29794	29775	29814	 	 	 	 	 	 	 	 	 	 	 	 	
1274188807390	-35	418	-853	29775	29952	29774	 	 	 	 	 	 	 	 	 	 	 	 	
1274188807391	 	 	 	 	 	 	0.999568	-0.000139881	0.0293766	-0.0144536	0.868241	0.495932	-0.0255753	-0.496143	0.867864	0.222637	-0.0659348	-0.594368	
1274188807395	-40	418	-855	29756	29885	29724	 	 	 	 	 	 	 	 	 	 	 	 	
1274188807400	-36	421	-854	29747	29775	29811	 	 	 	 	 	 	 	 	 	 	 	 	
1274188807405	-35	420	-853	29747	29799	29795	 	 	 	 	 	 	 	 	 	 	 	 	
1274188807410	-37	424	-856	29710	29980	29726	 	 	 	 	 	 	 	 	 	 	 	 	
1274188807415	-37	428	-856	29728	29966	29774	 	 	 	 	 	 	 	 	 	 	 	 	
1274188807420	-33	426	-854	29711	29956	29775	 	 	 	 	 	 	 	 	 	 	 	 	
1274188807423	 	 	 	 	 	 	0.999667	-0.00201593	0.0257257	-0.0107324	0.874144	0.485548	-0.0234668	-0.485662	0.873831	0.224344	-0.0633128	-0.5973	
1274188807425	-32	427	-854	29679	29966	29774	 	 	 	 	 	 	 	 	 	 	 	 	
1274188807430	-28	425	-852	29720	29811	29817	 	 	 	 	 	 	 	 	 	 	 	 	
1274188807435	-31	428	-852	29662	29980	29758	 	 	 	 	 	 	 	 	 	 	 	 	
1274188807440	-26	427	-852	29720	29821	29816	 	 	 	 	 	 	 	 	 	 	 	 	
1274188807445	-31	427	-855	29646	29980	29774	 	 	 	 	 	 	 	 	 	 	 	 	
1274188807450	-30	427	-854	29667	29775	29839	 	 	 	 	 	 	 	 	 	 	 	 	
1274188807455	-32	427	-861	29629	29811	29811	 	 	 	 	 	 	 	 	 	 	 	 	
1274188807457	 	 	 	 	 	 	0.999874	-0.00147026	0.015821	-0.00648749	0.871157	0.490962	-0.0145044	-0.491003	0.871037	0.230375	-0.0728773	-0.594725	
1274188807460	-34	426	-865	29649	29843	29811	 	 	 	 	 	 	 	 	 	 	 	 	
1274188807465	-36	428	-864	29648	29826	29847	 	 	 	 	 	 	 	 	 	 	 	 	
1274188807470	-38	427	-863	29649	29847	29811	 	 	 	 	 	 	 	 	 	 	 	 	
1274188807475	-38	430	-866	29638	29857	29839	 	 	 	 	 	 	 	 	 	 	 	 	
1274188807480	-37	431	-866	29619	29831	29831	 	 	 	 	 	 	 	 	 	 	 	 	
1274188807485	-35	432	-865	29598	30072	29756	 	 	 	 	 	 	 	 	 	 	 	 	
1274188807489	 	 	 	 	 	 	0.999823	0.00150296	0.0187591	-0.0103894	0.875221	0.483612	-0.0156915	-0.483721	0.875081	0.227767	-0.0752355	-0.595507	
1274188807490	-36	428	-865	29596	29881	29757	 	 	 	 	 	 	 	 	 	 	 	 	
1274188807495	-35	431	-870	29563	29859	29811	 	 	 	 	 	 	 	 	 	 	 	 	
1274188807500	-34	433	-874	29603	29847	29859	 	 	 	 	 	 	 	 	 	 	 	 	
1274188807505	-32	435	-880	29561	29875	29817	 	 	 	 	 	 	 	 	 	 	 	 	
1274188807510	-34	434	-876	29582	30012	29838	 	 	 	 	 	 	 	 	 	 	 	 	
1274188807515	-35	435	-873	29596	29897	29881	 	 	 	 	 	 	 	 	 	 	 	 	
1274188807520	-33	434	-867	29561	29823	29904	 	 	 	 	 	 	 	 	 	 	 	 	
1274188807522	 	 	 	 	 	 	0.999821	-0.00275636	0.0186926	-0.00596489	0.892667	0.450677	-0.0179285	-0.450708	0.892492	0.22746	-0.0606196	-0.602236	
1274188807525	-30	437	-862	29587	29843	29905	 	 	 	 	 	 	 	 	 	 	 	 	
1274188807530	-32	435	-861	29583	29775	29903	 	 	 	 	 	 	 	 	 	 	 	 	
1274188807535	-31	430	-856	29583	29966	29903	 	 	 	 	 	 	 	 	 	 	 	 	
1274188807541	-30	426	-856	29587	29831	29920	 	 	 	 	 	 	 	 	 	 	 	 	
1274188807546	-24	422	-855	29561	29811	29920	 	 	 	 	 	 	 	 	 	 	 	 	
1274188807551	-21	416	-851	29555	29831	29923	 	 	 	 	 	 	 	 	 	 	 	 	
1274188807554	 	 	 	 	 	 	0.999451	-0.0127622	0.0305687	-0.0044759	0.862316	0.50635	-0.032822	-0.506209	0.861786	0.219787	-0.104202	-0.589518	
1274188807556	-21	413	-853	29587	29831	29911	 	 	 	 	 	 	 	 	 	 	 	 	
1274188807561	-18	417	-863	29583	29966	29902	 	 	 	 	 	 	 	 	 	 	 	 	
1274188807566	-23	415	-864	29582	29980	29838	 	 	 	 	 	 	 	 	 	 	 	 	
1274188807571	-14	415	-867	29607	29807	29889	 	 	 	 	 	 	 	 	 	 	 	 	
1274188807576	-20	416	-872	29613	29966	29839	 	 	 	 	 	 	 	 	 	 	 	 	
1274188807581	-18	413	-871	29634	29775	29871	 	 	 	 	 	 	 	 	 	 	 	 	
1274188807586	-16	416	-875	29623	29807	29877	 	 	 	 	 	 	 	 	 	 	 	 	
1274188807587	 	 	 	 	 	 	0.99956	-0.0110497	0.0275417	-0.00491134	0.853696	0.520749	-0.0292663	-0.520655	0.853265	0.222134	-0.120376	-0.584118	
1274188807591	-13	407	-880	29625	29811	29817	 	 	 	 	 	 	 	 	 	 	 	 	
1274188807596	-16	413	-887	29625	29811	29817	 	 	 	 	 	 	 	 	 	 	 	 	
1274188807601	-21	412	-896	29647	29966	29839	 	 	 	 	 	 	 	 	 	 	 	 	
1274188807606	-17	418	-907	29651	29827	29863	 	 	 	 	 	 	 	 	 	 	 	 	
1274188807611	-12	418	-915	29664	29815	29863	 	 	 	 	 	 	 	 	 	 	 	 	
1274188807616	-12	424	-922	29676	29966	29838	 	 	 	 	 	 	 	 	 	 	 	 	
1274188807619	 	 	 	 	 	 	0.99956	-0.0122915	0.0270113	-0.0029979	0.863715	0.503971	-0.0295246	-0.50383	0.863298	0.222201	-0.114728	-0.586333	
1274188807621	-6	423	-923	29680	29827	29823	 	 	 	 	 	 	 	 	 	 	 	 	
1274188807626	-4	425	-924	29686	29801	29888	 	 	 	 	 	 	 	 	 	 	 	 	
1274188807631	-8	430	-925	29689	29811	29873	 	 	 	 	 	 	 	 	 	 	 	 	
1274188807636	-7	426	-923	29646	29980	29838	 	 	 	 	 	 	 	 	 	 	 	 	
1274188807641	-1	423	-917	29679	29966	29838	 	 	 	 	 	 	 	 	 	 	 	 	
1274188807646	0	417	-912	29699	29815	29891	 	 	 	 	 	 	 	 	 	 	 	 	
1274188807651	-3	414	-912	29713	29817	29895	 	 	 	 	 	 	 	 	 	 	 	 	
1274188807653	 	 	 	 	 	 	0.999497	-0.0143334	0.0282985	-0.00158722	0.868378	0.4959	-0.0316818	-0.495696	0.867918	0.221579	-0.114082	-0.586712	
1274188807656	0	411	-905	29679	29775	29838	 	 	 	 	 	 	 	 	 	 	 	 	
1274188807661	-2	407	-904	29729	29811	29889	 	 	 	 	 	 	 	 	 	 	 	 	
1274188807666	-6	408	-902	29735	29775	29895	 	 	 	 	 	 	 	 	 	 	 	 	
1274188807671	-10	405	-898	29735	29952	29839	 	 	 	 	 	 	 	 	 	 	 	 	
1274188807676	-11	405	-900	29747	29795	29875	 	 	 	 	 	 	 	 	 	 	 	 	
1274188807681	-11	406	-897	29774	29980	29828	 	 	 	 	 	 	 	 	 	 	 	 	
1274188807685	 	 	 	 	 	 	0.999421	-0.0155845	0.0302405	-0.00117279	0.872591	0.488451	-0.0339998	-0.488203	0.872067	0.22064	-0.112557	-0.587421	
1274188807686	-11	408	-901	29763	29799	29857	 	 	 	 	 	 	 	 	 	 	 	 	
1274188807691	-18	411	-904	29753	29811	29811	 	 	 	 	 	 	 	 	 	 	 	 	
1274188807696	-17	412	-903	29753	29809	29811	 	 	 	 	 	 	 	 	 	 	 	 	
1274188807701	-18	412	-898	29781	29775	29844	 	 	 	 	 	 	 	 	 	 	 	 	
1274188807706	-15	412	-903	29757	29809	29817	 	 	 	 	 	 	 	 	 	 	 	 	
1274188807711	-14	411	-908	29774	29980	29756	 	 	 	 	 	 	 	 	 	 	 	 	
1274188807716	-16	415	-911	29795	29817	29816	 	 	 	 	 	 	 	 	 	 	 	 	
1274188807718	 	 	 	 	 	 	0.999491	-0.0174729	0.0266807	0.00191917	0.868004	0.496553	-0.0318352	-0.49625	0.867596	0.222475	-0.120583	-0.58545	
1274188807721	-16	421	-917	29774	29980	29774	 	 	 	 	 	 	 	 	 	 	 	 	
1274188807726	-21	427	-922	29832	29817	29756	 	 	 	 	 	 	 	 	 	 	 	 	
1274188807731	-23	430	-923	29794	29902	29807	 	 	 	 	 	 	 	 	 	 	 	 	
1274188807736	-15	426	-930	29799	29966	29774	 	 	 	 	 	 	 	 	 	 	 	 	
1274188807741	-16	430	-932	29799	29804	29811	 	 	 	 	 	 	 	 	 	 	 	 	
1274188807746	-16	431	-931	29816	29811	29817	 	 	 	 	 	 	 	 	 	 	 	 	
1274188807750	 	 	 	 	 	 	0.999396	-0.0196685	0.0286494	0.00260785	0.864541	0.502556	-0.0346531	-0.502177	0.86407	0.219993	-0.126791	-0.584246	
1274188807752	-13	430	-930	29828	29775	29756	 	 	 	 	 	 	 	 	 	 	 	 	
1274188807757	-7	430	-927	29774	30012	29758	 	 	 	 	 	 	 	 	 	 	 	 	
1274188807762	-6	428	-922	29811	29857	29843	 	 	 	 	 	 	 	 	 	 	 	 	
1274188807767	-3	425	-915	29807	30030	29838	 	 	 	 	 	 	 	 	 	 	 	 	
1274188807772	-4	420	-907	29817	29904	29817	 	 	 	 	 	 	 	 	 	 	 	 	
1274188807777	-6	415	-904	29832	29952	29756	 	 	 	 	 	 	 	 	 	 	 	 	
1274188807782	-4	411	-903	29809	29891	29811	 	 	 	 	 	 	 	 	 	 	 	 	
1274188807783	 	 	 	 	 	 	0.999429	-0.0187918	0.0280651	0.00225647	0.866225	0.49965	-0.0337	-0.499301	0.865773	0.219658	-0.126718	-0.584889	
1274188807787	-6	406	-905	29799	29871	29839	 	 	 	 	 	 	 	 	 	 	 	 	
1274188807792	-10	407	-907	29836	30108	29756	 	 	 	 	 	 	 	 	 	 	 	 	
1274188807797	-12	408	-904	29799	29903	29831	 	 	 	 	 	 	 	 	 	 	 	 	
1274188807802	-11	410	-905	29817	29939	29817	 	 	 	 	 	 	 	 	 	 	 	 	
1274188807807	-5	415	-907	29806	30028	29839	 	 	 	 	 	 	 	 	 	 	 	 	
1274188807812	-3	422	-907	29793	29939	29811	 	 	 	 	 	 	 	 	 	 	 	 	
1274188807815	 	 	 	 	 	 	0.999636	-0.0148575	0.0225204	0.00155767	0.865102	0.501594	-0.0269349	-0.501376	0.86481	0.222932	-0.130212	-0.584953	
1274188807817	0	426	-910	29795	29903	29830	 	 	 	 	 	 	 	 	 	 	 	 	
1274188807822	1	432	-915	29758	29945	29759	 	 	 	 	 	 	 	 	 	 	 	 	
1274188807827	4	434	-914	29753	29939	29809	 	 	 	 	 	 	 	 	 	 	 	 	
1274188807832	5	436	-914	29777	29943	29811	 	 	 	 	 	 	 	 	 	 	 	 	
1274188807837	-1	438	-916	29763	29933	29826	 	 	 	 	 	 	 	 	 	 	 	 	
1274188807842	-1	438	-922	29763	29935	29830	 	 	 	 	 	 	 	 	 	 	 	 	
1274188807847	-2	438	-926	29751	29935	29839	 	 	 	 	 	 	 	 	 	 	 	 	
1274188807849	 	 	 	 	 	 	0.999626	-0.0136027	0.0237197	-0.000165136	0.864458	0.502705	-0.0273428	-0.502521	0.864132	0.22114	-0.133409	-0.584689	
1274188807852	-5	435	-928	29753	30094	29817	 	 	 	 	 	 	 	 	 	 	 	 	
1274188807857	-6	435	-924	29752	29939	29811	 	 	 	 	 	 	 	 	 	 	 	 	
1274188807862	-6	434	-923	29724	30200	29756	 	 	 	 	 	 	 	 	 	 	 	 	
1274188807867	-4	431	-914	29713	29951	29811	 	 	 	 	 	 	 	 	 	 	 	 	
1274188807872	-4	430	-912	29715	29991	29847	 	 	 	 	 	 	 	 	 	 	 	 	
1274188807877	-3	432	-907	29679	30174	29774	 	 	 	 	 	 	 	 	 	 	 	 	
1274188807881	 	 	 	 	 	 	0.99974	-0.00877256	0.0210474	-0.0030817	0.862584	0.505904	-0.0225932	-0.505837	0.862333	0.222886	-0.138863	-0.583747	
1274188807882	-6	432	-903	29678	30220	29788	 	 	 	 	 	 	 	 	 	 	 	 	
1274188807887	-7	432	-898	29692	30073	29753	 	 	 	 	 	 	 	 	 	 	 	 	
1274188807892	-12	430	-897	29679	30158	29830	 	 	 	 	 	 	 	 	 	 	 	 	
1274188807897	-15	432	-888	29687	29999	29827	 	 	 	 	 	 	 	 	 	 	 	 	
1274188807902	-13	428	-885	29694	30232	29727	 	 	 	 	 	 	 	 	 	 	 	 	
1274188807907	-16	423	-884	29662	30220	29726	 	 	 	 	 	 	 	 	 	 	 	 	
1274188807912	-14	420	-884	29687	29967	29799	 	 	 	 	 	 	 	 	 	 	 	 	
1274188807914	 	 	 	 	 	 	0.999853	-0.00220111	0.0169859	-0.00663328	0.864555	0.502494	-0.0157913	-0.502533	0.864414	0.225199	-0.140775	-0.585129	
1274188807917	-18	417	-890	29646	30172	29764	 	 	 	 	 	 	 	 	 	 	 	 	
1274188807922	-23	415	-892	29647	30142	29726	 	 	 	 	 	 	 	 	 	 	 	 	
1274188807927	-26	417	-893	29712	30033	29753	 	 	 	 	 	 	 	 	 	 	 	 	
1274188807932	-28	415	-897	29683	29943	29779	 	 	 	 	 	 	 	 	 	 	 	 	
1274188807938	-31	416	-897	29678	30150	29774	 	 	 	 	 	 	 	 	 	 	 	 	
1274188807943	-30	416	-898	29679	29975	29695	 	 	 	 	 	 	 	 	 	 	 	 	
1274188807946	 	 	 	 	 	 	0.99991	0.00212602	0.0132696	-0.00842406	0.86849	0.495635	-0.0104708	-0.495702	0.868429	0.226281	-0.139895	-0.58651	
1274188807948	-27	416	-901	29646	30110	29694	 	 	 	 	 	 	 	 	 	 	 	 	
1274188807953	-26	413	-897	29688	29939	29785	 	 	 	 	 	 	 	 	 	 	 	 	
1274188807958	-25	415	-888	29679	29943	29793	 	 	 	 	 	 	 	 	 	 	 	 	
1274188807963	-25	413	-884	29683	29939	29795	 	 	 	 	 	 	 	 	 	 	 	 	
1274188807968	-30	412	-883	29662	30136	29724	 	 	 	 	 	 	 	 	 	 	 	 	
1274188807973	-30	412	-882	29679	30030	29775	 	 	 	 	 	 	 	 	 	 	 	 	
1274188807978	-36	413	-878	29681	29920	29811	 	 	 	 	 	 	 	 	 	 	 	 	
1274188807979	 	 	 	 	 	 	0.999902	0.00498928	0.0130464	-0.0107736	0.869952	0.493019	-0.00888991	-0.493111	0.869921	0.22537	-0.141644	-0.586774	
1274188807983	-41	412	-876	29720	29921	29809	 	 	 	 	 	 	 	 	 	 	 	 	
1274188807988	-46	412	-873	29678	30092	29726	 	 	 	 	 	 	 	 	 	 	 	 	
1274188807993	-55	411	-873	29736	29905	29753	 	 	 	 	 	 	 	 	 	 	 	 	
1274188807998	-62	411	-875	29715	29858	29799	 	 	 	 	 	 	 	 	 	 	 	 	
1274188808003	-65	412	-874	29715	29839	29804	 	 	 	 	 	 	 	 	 	 	 	 	
1274188808008	-72	410	-873	29679	29881	29768	 	 	 	 	 	 	 	 	 	 	 	 	
1274188808011	 	 	 	 	 	 	0.999949	0.00491259	0.00883973	-0.00863229	0.869989	0.492996	-0.00526858	-0.493047	0.869987	0.227414	-0.144321	-0.586626	
1274188808013	-80	408	-873	29731	29831	29783	 	 	 	 	 	 	 	 	 	 	 	 	
1274188808018	-82	406	-875	29710	30012	29695	 	 	 	 	 	 	 	 	 	 	 	 	
1274188808023	-83	407	-885	29753	29811	29753	 	 	 	 	 	 	 	 	 	 	 	 	
1274188808028	-84	406	-891	29745	29828	29779	 	 	 	 	 	 	 	 	 	 	 	 	
1274188808033	-85	403	-897	29753	29811	29777	 	 	 	 	 	 	 	 	 	 	 	 	
1274188808038	-84	400	-905	29751	29797	29794	 	 	 	 	 	 	 	 	 	 	 	 	
1274188808043	-81	397	-908	29774	29980	29724	 	 	 	 	 	 	 	 	 	 	 	 	
1274188808045	 	 	 	 	 	 	0.999969	0.00522315	0.00589464	-0.00743825	0.872321	0.488877	-0.00258854	-0.488906	0.872333	0.228223	-0.143234	-0.587957	
1274188808048	-83	394	-912	29758	29817	29753	 	 	 	 	 	 	 	 	 	 	 	 	
1274188808053	-83	397	-918	29775	29962	29774	 	 	 	 	 	 	 	 	 	 	 	 	
1274188808058	-82	398	-918	29753	29793	29811	 	 	 	 	 	 	 	 	 	 	 	 	
1274188808063	-86	400	-921	29790	29976	29756	 	 	 	 	 	 	 	 	 	 	 	 	
1274188808068	-88	403	-911	29828	29881	29756	 	 	 	 	 	 	 	 	 	 	 	 	
1274188808074	-85	410	-910	29811	29960	29815	 	 	 	 	 	 	 	 	 	 	 	 	
1274188808077	 	 	 	 	 	 	0.999991	0.00297383	0.00318363	-0.00414744	0.873519	0.486773	-0.00133338	-0.486782	0.873523	0.229268	-0.142272	-0.588967	
1274188808079	-78	413	-901	29807	29890	29830	 	 	 	 	 	 	 	 	 	 	 	 	
1274188808084	-71	417	-898	29827	29711	29825	 	 	 	 	 	 	 	 	 	 	 	 	
1274188808089	-66	417	-894	29826	29838	29824	 	 	 	 	 	 	 	 	 	 	 	 	
1274188808094	-62	422	-896	29811	29715	29811	 	 	 	 	 	 	 	 	 	 	 	 	
1274188808099	-58	421	-898	29817	29731	29811	 	 	 	 	 	 	 	 	 	 	 	 	
1274188808104	-58	422	-903	29872	29747	29817	 	 	 	 	 	 	 	 	 	 	 	 	
1274188808109	-58	424	-907	29811	29735	29811	 	 	 	 	 	 	 	 	 	 	 	 	
1274188808110	 	 	 	 	 	 	0.999995	-0.00161402	0.0028722	3.5868e-06	0.872315	0.488945	-0.00329462	-0.488942	0.87231	0.228533	-0.142841	-0.589485	
1274188808114	-60	425	-911	29839	29902	29774	 	 	 	 	 	 	 	 	 	 	 	 	
1274188808119	-60	428	-910	29838	29964	29726	 	 	 	 	 	 	 	 	 	 	 	 	
1274188808124	-51	426	-906	29838	29968	29724	 	 	 	 	 	 	 	 	 	 	 	 	
1274188808129	-50	424	-902	29839	29902	29774	 	 	 	 	 	 	 	 	 	 	 	 	
1274188808134	-47	420	-894	29852	29817	29752	 	 	 	 	 	 	 	 	 	 	 	 	
1274188808139	-48	415	-893	29859	29767	29783	 	 	 	 	 	 	 	 	 	 	 	 	
1274188808142	 	 	 	 	 	 	0.999986	-0.0035743	-0.00382124	0.00499322	0.870147	0.492768	0.00156374	-0.49278	0.870153	0.23131	-0.143886	-0.589991	
1274188808144	-48	412	-888	29821	29808	29793	 	 	 	 	 	 	 	 	 	 	 	 	
1274188808149	-55	408	-895	29859	29775	29792	 	 	 	 	 	 	 	 	 	 	 	 	
1274188808154	-54	406	-901	29880	29811	29777	 	 	 	 	 	 	 	 	 	 	 	 	
1274188808159	-53	404	-901	29873	29809	29795	 	 	 	 	 	 	 	 	 	 	 	 	
1274188808164	-55	406	-903	29819	29815	29779	 	 	 	 	 	 	 	 	 	 	 	 	
1274188808169	-58	406	-901	29873	29826	29783	 	 	 	 	 	 	 	 	 	 	 	 	
1274188808174	-58	410	-896	29884	29819	29753	 	 	 	 	 	 	 	 	 	 	 	 	
1274188808176	 	 	 	 	 	 	0.999975	-0.00663711	-0.00255429	0.00703029	0.868398	0.495818	-0.00107266	-0.495824	0.868422	0.228356	-0.144164	-0.590836	
1274188808179	-66	415	-895	29875	29839	29783	 	 	 	 	 	 	 	 	 	 	 	 	
1274188808184	-68	414	-890	29884	29905	29753	 	 	 	 	 	 	 	 	 	 	 	 	
1274188808189	-73	413	-887	29854	30072	29692	 	 	 	 	 	 	 	 	 	 	 	 	
1274188808194	-71	414	-887	29854	29839	29775	 	 	 	 	 	 	 	 	 	 	 	 	
1274188808199	-71	410	-887	29875	29870	29751	 	 	 	 	 	 	 	 	 	 	 	 	
1274188808205	-70	406	-882	29839	30080	29662	 	 	 	 	 	 	 	 	 	 	 	 	
1274188808208	 	 	 	 	 	 	0.999971	-0.00414797	-0.00633102	0.00676357	0.865156	0.501458	0.00339729	-0.501486	0.865159	0.228329	-0.14567	-0.59051	
1274188808210	-64	404	-877	29875	29891	29744	 	 	 	 	 	 	 	 	 	 	 	 	
1274188808215	-58	404	-874	29884	29936	29736	 	 	 	 	 	 	 	 	 	 	 	 	
1274188808220	-62	403	-877	29875	29888	29729	 	 	 	 	 	 	 	 	 	 	 	 	
1274188808225	-62	404	-873	29881	29937	29721	 	 	 	 	 	 	 	 	 	 	 	 	
1274188808230	-58	400	-880	29855	30136	29660	 	 	 	 	 	 	 	 	 	 	 	 	
1274188808235	-56	402	-881	29823	29909	29715	 	 	 	 	 	 	 	 	 	 	 	 	
1274188808240	-53	398	-881	29855	29968	29631	 	 	 	 	 	 	 	 	 	 	 	 	
1274188808241	 	 	 	 	 	 	0.999926	-0.00281556	-0.011801	0.0083201	0.867073	0.498112	0.00882983	-0.498173	0.867033	0.227961	-0.140698	-0.592761	
1274188808245	-52	402	-883	29888	29907	29731	 	 	 	 	 	 	 	 	 	 	 	 	
1274188808250	-50	401	-883	29898	29898	29662	 	 	 	 	 	 	 	 	 	 	 	 	
1274188808255	-51	408	-883	29884	29944	29752	 	 	 	 	 	 	 	 	 	 	 	 	
1274188808260	-55	413	-885	29821	29907	29761	 	 	 	 	 	 	 	 	 	 	 	 	
1274188808265	-53	416	-893	29875	29888	29783	 	 	 	 	 	 	 	 	 	 	 	 	
1274188808270	-53	422	-895	29880	29921	29793	 	 	 	 	 	 	 	 	 	 	 	 	
1274188808274	 	 	 	 	 	 	0.999876	-0.00207917	-0.0155927	0.0096979	0.861924	0.506944	0.0123857	-0.507033	0.861838	0.227839	-0.144298	-0.591816	
1274188808275	-57	423	-894	29819	29923	29795	 	 	 	 	 	 	 	 	 	 	 	 	
1274188808280	-60	426	-886	29863	29839	29805	 	 	 	 	 	 	 	 	 	 	 	 	
1274188808285	-62	424	-885	29862	30030	29775	 	 	 	 	 	 	 	 	 	 	 	 	
1274188808290	-61	426	-883	29819	29907	29811	 	 	 	 	 	 	 	 	 	 	 	 	
1274188808295	-60	426	-884	29847	29871	29831	 	 	 	 	 	 	 	 	 	 	 	 	
1274188808300	-61	424	-887	29843	29891	29815	 	 	 	 	 	 	 	 	 	 	 	 	
1274188808305	-65	425	-887	29839	30092	29774	 	 	 	 	 	 	 	 	 	 	 	 	
1274188808307	 	 	 	 	 	 	0.999872	0.000119915	-0.0160094	0.00805216	0.860524	0.509347	0.0138375	-0.50941	0.860413	0.22673	-0.143689	-0.592487	
1274188808310	-68	424	-888	29841	29879	29843	 	 	 	 	 	 	 	 	 	 	 	 	
1274188808315	-72	425	-894	29820	29936	29817	 	 	 	 	 	 	 	 	 	 	 	 	
1274188808320	-65	424	-895	29847	29871	29837	 	 	 	 	 	 	 	 	 	 	 	 	
1274188808325	-64	422	-900	29817	29907	29809	 	 	 	 	 	 	 	 	 	 	 	 	
1274188808330	-62	420	-903	29831	29838	29839	 	 	 	 	 	 	 	 	 	 	 	 	
1274188808335	-58	420	-897	29817	29907	29811	 	 	 	 	 	 	 	 	 	 	 	 	
1274188808339	 	 	 	 	 	 	0.999805	0.0019361	-0.0196308	0.0084425	0.857423	0.514543	0.0178281	-0.514609	0.85724	0.228402	-0.145307	-0.591646	
1274188808340	-55	421	-901	29838	30076	29756	 	 	 	 	 	 	 	 	 	 	 	 	
1274188808346	-56	417	-900	29811	29879	29841	 	 	 	 	 	 	 	 	 	 	 	 	
1274188808351	-52	418	-905	29827	29861	29832	 	 	 	 	 	 	 	 	 	 	 	 	
1274188808356	-51	420	-908	29817	29905	29817	 	 	 	 	 	 	 	 	 	 	 	 	
1274188808361	-45	420	-908	29811	29890	29811	 	 	 	 	 	 	 	 	 	 	 	 	
1274188808366	-40	421	-908	29811	29879	29840	 	 	 	 	 	 	 	 	 	 	 	 	
1274188808371	-45	422	-902	29809	29875	29811	 	 	 	 	 	 	 	 	 	 	 	 	
1274188808372	 	 	 	 	 	 	0.999782	0.00345977	-0.0205727	0.00761024	0.857708	0.514082	0.019424	-0.514126	0.857495	0.22821	-0.143062	-0.592443	
1274188808376	-45	424	-901	29799	29857	29847	 	 	 	 	 	 	 	 	 	 	 	 	
1274188808381	-47	424	-898	29820	29905	29817	 	 	 	 	 	 	 	 	 	 	 	 	
1274188808386	-53	423	-898	29802	29902	29863	 	 	 	 	 	 	 	 	 	 	 	 	
1274188808391	-62	423	-896	29799	29839	29863	 	 	 	 	 	 	 	 	 	 	 	 	
1274188808396	-68	423	-897	29793	29859	29815	 	 	 	 	 	 	 	 	 	 	 	 	
1274188808401	-71	423	-898	29795	29847	29857	 	 	 	 	 	 	 	 	 	 	 	 	
1274188808404	 	 	 	 	 	 	0.999726	0.00443158	-0.0229772	0.0079117	0.860071	0.510114	0.0220226	-0.510156	0.8598	0.23009	-0.139131	-0.594328	
1274188808406	-77	423	-898	29799	29807	29871	 	 	 	 	 	 	 	 	 	 	 	 	
1274188808411	-78	424	-897	29795	29831	29857	 	 	 	 	 	 	 	 	 	 	 	 	
1274188808416	-81	425	-897	29816	29811	29817	 	 	 	 	 	 	 	 	 	 	 	 	
1274188808421	-78	422	-895	29828	30012	29758	 	 	 	 	 	 	 	 	 	 	 	 	
1274188808426	-75	421	-895	29775	29980	29774	 	 	 	 	 	 	 	 	 	 	 	 	
1274188808431	-75	420	-892	29774	29980	29758	 	 	 	 	 	 	 	 	 	 	 	 	
1274188808436	-75	418	-890	29795	29811	29843	 	 	 	 	 	 	 	 	 	 	 	 	
1274188808437	 	 	 	 	 	 	0.999703	0.00327	-0.0241382	0.00956541	0.858646	0.51248	0.022402	-0.512559	0.85836	0.230575	-0.139627	-0.594377	
1274188808441	-73	416	-886	29793	29827	29811	 	 	 	 	 	 	 	 	 	 	 	 	
1274188808446	-70	416	-878	29793	29815	29827	 	 	 	 	 	 	 	 	 	 	 	 	
1274188808451	-67	415	-874	29775	29966	29774	 	 	 	 	 	 	 	 	 	 	 	 	
1274188808456	-67	413	-872	29795	29811	29815	 	 	 	 	 	 	 	 	 	 	 	 	
1274188808461	-68	414	-873	29828	30012	29727	 	 	 	 	 	 	 	 	 	 	 	 	
1274188808466	-74	411	-870	29795	29799	29826	 	 	 	 	 	 	 	 	 	 	 	 	
1274188808470	 	 	 	 	 	 	0.999734	0.000890197	-0.0230685	0.0111609	0.85608	0.516723	0.0202084	-0.516843	0.855842	0.229135	-0.141438	-0.59392	
1274188808471	-80	408	-870	29792	29966	29774	 	 	 	 	 	 	 	 	 	 	 	 	
1274188808476	-80	411	-873	29774	29817	29726	 	 	 	 	 	 	 	 	 	 	 	 	
1274188808481	-81	413	-876	29816	29811	29757	 	 	 	 	 	 	 	 	 	 	 	 	
1274188808486	-80	413	-875	29794	29764	29807	 	 	 	 	 	 	 	 	 	 	 	 	
1274188808491	-83	414	-872	29783	29772	29799	 	 	 	 	 	 	 	 	 	 	 	 	
1274188808496	-84	415	-872	29774	29980	29726	 	 	 	 	 	 	 	 	 	 	 	 	
1274188808501	-82	412	-870	29776	29743	29805	 	 	 	 	 	 	 	 	 	 	 	 	
1274188808503	 	 	 	 	 	 	0.999528	0.0003405	-0.0307125	0.0155365	0.85697	0.515133	0.0264951	-0.515367	0.85656	0.232935	-0.138922	-0.594819	
1274188808506	-80	415	-874	29775	29902	29775	 	 	 	 	 	 	 	 	 	 	 	 	
1274188808511	-80	421	-874	29779	29767	29793	 	 	 	 	 	 	 	 	 	 	 	 	
1274188808516	-85	423	-885	29775	29694	29799	 	 	 	 	 	 	 	 	 	 	 	 	
1274188808521	-87	428	-890	29758	29980	29694	 	 	 	 	 	 	 	 	 	 	 	 	
1274188808526	-87	430	-896	29763	29763	29795	 	 	 	 	 	 	 	 	 	 	 	 	
1274188808531	-87	434	-901	29763	29762	29783	 	 	 	 	 	 	 	 	 	 	 	 	
1274188808535	 	 	 	 	 	 	0.99954	-0.00302097	-0.030166	0.017876	0.862375	0.505953	0.024486	-0.50626	0.862033	0.230887	-0.131332	-0.597356	
1274188808536	-83	440	-904	29753	29777	29753	 	 	 	 	 	 	 	 	 	 	 	 	
1274188808542	-87	444	-904	29767	29740	29775	 	 	 	 	 	 	 	 	 	 	 	 	
1274188808547	-86	444	-903	29743	29679	29775	 	 	 	 	 	 	 	 	 	 	 	 	
1274188808552	-91	445	-901	29774	29777	29753	 	 	 	 	 	 	 	 	 	 	 	 	
1274188808557	-92	443	-896	29763	29763	29767	 	 	 	 	 	 	 	 	 	 	 	 	
1274188808562	-88	442	-894	29758	29779	29745	 	 	 	 	 	 	 	 	 	 	 	 	
1274188808567	-88	437	-890	29753	29779	29747	 	 	 	 	 	 	 	 	 	 	 	 	
1274188808568	 	 	 	 	 	 	0.999429	-0.00426931	-0.0335061	0.021014	0.855218	0.517843	0.0264441	-0.518251	0.854819	0.230939	-0.138314	-0.594598	
1274188808572	-90	435	-887	29766	29695	29765	 	 	 	 	 	 	 	 	 	 	 	 	
1274188808577	-88	428	-881	29756	29793	29753	 	 	 	 	 	 	 	 	 	 	 	 	
1274188808582	-88	427	-876	29758	30000	29692	 	 	 	 	 	 	 	 	 	 	 	 	
1274188808587	-92	425	-868	29767	29760	29763	 	 	 	 	 	 	 	 	 	 	 	 	
1274188808592	-87	421	-871	29756	29817	29720	 	 	 	 	 	 	 	 	 	 	 	 	
1274188808597	-90	417	-868	29775	29902	29774	 	 	 	 	 	 	 	 	 	 	 	 	
1274188808600	 	 	 	 	 	 	0.999307	-0.00911537	-0.0360849	0.0263707	0.857593	0.513653	0.026264	-0.514249	0.857239	0.229744	-0.133577	-0.595667	
1274188808602	-92	411	-868	29774	29968	29694	 	 	 	 	 	 	 	 	 	 	 	 	
1274188808607	-96	411	-874	29795	29743	29783	 	 	 	 	 	 	 	 	 	 	 	 	
1274188808612	-101	410	-881	29824	29817	29752	 	 	 	 	 	 	 	 	 	 	 	 	
1274188808617	-101	405	-882	29799	29750	29794	 	 	 	 	 	 	 	 	 	 	 	 	
1274188808622	-103	403	-884	29804	29902	29774	 	 	 	 	 	 	 	 	 	 	 	 	
1274188808627	-106	404	-891	29811	29737	29799	 	 	 	 	 	 	 	 	 	 	 	 	
1274188808632	-111	406	-893	29811	29735	29795	 	 	 	 	 	 	 	 	 	 	 	 	
1274188808634	 	 	 	 	 	 	0.999163	-0.0123648	-0.038991	0.0307739	0.855192	0.517397	0.0269473	-0.518164	0.854857	0.229705	-0.133786	-0.595426	
1274188808637	-113	411	-895	29852	29753	29757	 	 	 	 	 	 	 	 	 	 	 	 	
1274188808642	-113	411	-896	29827	29711	29831	 	 	 	 	 	 	 	 	 	 	 	 	
1274188808647	-112	415	-902	29852	29679	29727	 	 	 	 	 	 	 	 	 	 	 	 	
1274188808652	-105	415	-901	29839	29892	29830	 	 	 	 	 	 	 	 	 	 	 	 	
1274188808657	-103	421	-902	29843	29719	29843	 	 	 	 	 	 	 	 	 	 	 	 	
1274188808662	-100	422	-903	29856	29710	29847	 	 	 	 	 	 	 	 	 	 	 	 	
