unix_timestamp	Accel._X	Accel._Y	Accel._Z	Gyro_Phi	Gyro_Psi	Gyro_Theta	vis._rot_r1	vis._rot_r2	vis._rot_r3	vis._rot_r4	vis._rot_r5	vis._rot_r6	vis._rot_r7	vis._rot_r8	vis._rot_r9	vis._x	vis._y	vis._z	
1274188837693	 	 	 	 	 	 	0.658296	0.0780117	-0.748706	-0.0674145	0.996729	0.0445807	0.749735	0.0211264	0.661401	0.759794	0.12819	-0.197155	
1274188837694	-130	53	-992	29775	29966	30119	 	 	 	 	 	 	 	 	 	 	 	 	
1274188837699	-131	53	-992	29775	29966	30127	 	 	 	 	 	 	 	 	 	 	 	 	
1274188837704	-132	51	-993	29779	29967	30135	 	 	 	 	 	 	 	 	 	 	 	 	
1274188837709	-131	50	-986	29774	30094	30095	 	 	 	 	 	 	 	 	 	 	 	 	
1274188837714	-128	48	-987	29779	29975	30145	 	 	 	 	 	 	 	 	 	 	 	 	
1274188837719	-126	46	-987	29767	29967	30149	 	 	 	 	 	 	 	 	 	 	 	 	
1274188837724	-126	44	-985	29777	29943	30147	 	 	 	 	 	 	 	 	 	 	 	 	
1274188837726	 	 	 	 	 	 	0.648333	0.081246	-0.75701	-0.0706255	0.996421	0.0464543	0.758074	0.0233463	0.65175	0.766187	0.127834	-0.182544	
1274188837729	-125	43	-983	29756	30152	30144	 	 	 	 	 	 	 	 	 	 	 	 	
1274188837734	-126	45	-986	29763	29975	30151	 	 	 	 	 	 	 	 	 	 	 	 	
1274188837739	-130	50	-987	29751	29967	30147	 	 	 	 	 	 	 	 	 	 	 	 	
1274188837744	-130	50	-987	29726	29967	30108	 	 	 	 	 	 	 	 	 	 	 	 	
1274188837749	-127	52	-987	29727	30009	30076	 	 	 	 	 	 	 	 	 	 	 	 	
1274188837754	-126	51	-988	29763	29943	30135	 	 	 	 	 	 	 	 	 	 	 	 	
1274188837758	 	 	 	 	 	 	0.663553	0.0853616	-0.743243	-0.0738304	0.996091	0.0484868	0.744477	0.0227004	0.667262	0.773036	0.126767	-0.184394	
1274188837759	-130	48	-988	29726	30009	30100	 	 	 	 	 	 	 	 	 	 	 	 	
1274188837764	-127	50	-990	29711	30111	30094	 	 	 	 	 	 	 	 	 	 	 	 	
1274188837769	-128	48	-990	29760	30140	30090	 	 	 	 	 	 	 	 	 	 	 	 	
1274188837775	-128	50	-993	29747	29991	30135	 	 	 	 	 	 	 	 	 	 	 	 	
1274188837780	-131	50	-995	29774	30140	30092	 	 	 	 	 	 	 	 	 	 	 	 	
1274188837785	-131	50	-993	29763	29975	30135	 	 	 	 	 	 	 	 	 	 	 	 	
1274188837790	-132	47	-995	29711	30110	30094	 	 	 	 	 	 	 	 	 	 	 	 	
1274188837791	 	 	 	 	 	 	0.63271	0.0812352	-0.770116	-0.0775624	0.99613	0.0413525	0.770495	0.0335679	0.636562	0.782097	0.130113	-0.158731	
1274188837795	-132	47	-994	29747	29975	30147	 	 	 	 	 	 	 	 	 	 	 	 	
1274188837800	-134	48	-991	29747	29943	30147	 	 	 	 	 	 	 	 	 	 	 	 	
1274188837805	-132	48	-988	29743	29952	30151	 	 	 	 	 	 	 	 	 	 	 	 	
1274188837810	-127	46	-991	29743	29902	30158	 	 	 	 	 	 	 	 	 	 	 	 	
1274188837815	-127	46	-985	29758	30140	30108	 	 	 	 	 	 	 	 	 	 	 	 	
1274188837820	-126	44	-980	29747	29943	30151	 	 	 	 	 	 	 	 	 	 	 	 	
1274188837823	 	 	 	 	 	 	0.997057	0.0721676	-0.025851	-0.0702963	0.995263	0.0671628	0.0305755	-0.0651479	0.997407	0.542068	0.118295	-0.457016	
1274188837825	-126	42	-976	29774	30108	30110	 	 	 	 	 	 	 	 	 	 	 	 	
1274188837830	-126	38	-975	29768	30108	30094	 	 	 	 	 	 	 	 	 	 	 	 	
1274188837835	-124	36	-975	29756	30008	30136	 	 	 	 	 	 	 	 	 	 	 	 	
1274188837840	-120	33	-975	29767	29903	30159	 	 	 	 	 	 	 	 	 	 	 	 	
1274188837845	-120	31	-978	29777	29903	30183	 	 	 	 	 	 	 	 	 	 	 	 	
1274188837850	-118	27	-974	29767	29903	30191	 	 	 	 	 	 	 	 	 	 	 	 	
1274188837855	-122	32	-983	29763	29927	30195	 	 	 	 	 	 	 	 	 	 	 	 	
1274188837857	 	 	 	 	 	 	0.997258	0.0730398	-0.0119261	-0.0721216	0.995292	0.0647436	0.0165988	-0.0637059	0.997831	0.540017	0.118591	-0.468585	
1274188837860	-113	30	-980	29756	29977	30140	 	 	 	 	 	 	 	 	 	 	 	 	
1274188837865	-108	27	-978	29777	29895	30199	 	 	 	 	 	 	 	 	 	 	 	 	
1274188837870	-110	38	-976	29767	29921	30195	 	 	 	 	 	 	 	 	 	 	 	 	
1274188837875	-114	31	-974	29774	30092	30158	 	 	 	 	 	 	 	 	 	 	 	 	
1274188837880	-113	36	-973	29774	30076	30108	 	 	 	 	 	 	 	 	 	 	 	 	
1274188837885	-111	36	-976	29779	29895	30194	 	 	 	 	 	 	 	 	 	 	 	 	
1274188837889	 	 	 	 	 	 	0.997341	0.0728387	0.002182	-0.0728374	0.995516	0.0603616	0.00222445	-0.0603601	0.998174	0.537387	0.120128	-0.479669	
1274188837890	-114	35	-977	29753	29923	30177	 	 	 	 	 	 	 	 	 	 	 	 	
1274188837895	-112	37	-980	29758	29976	30108	 	 	 	 	 	 	 	 	 	 	 	 	
1274188837900	-108	40	-983	29775	30092	30094	 	 	 	 	 	 	 	 	 	 	 	 	
1274188837905	-105	37	-982	29775	30030	30158	 	 	 	 	 	 	 	 	 	 	 	 	
1274188837910	-104	38	-978	29790	30136	30108	 	 	 	 	 	 	 	 	 	 	 	 	
1274188837915	-105	38	-970	29775	29920	30159	 	 	 	 	 	 	 	 	 	 	 	 	
1274188837920	-105	34	-965	29826	30076	30108	 	 	 	 	 	 	 	 	 	 	 	 	
1274188837922	 	 	 	 	 	 	0.996247	0.0863414	-0.00605455	-0.0858454	0.994607	0.0582089	0.0110477	-0.0574707	0.998286	0.560337	0.124537	-0.468305	
1274188837925	-106	34	-960	29795	29907	30160	 	 	 	 	 	 	 	 	 	 	 	 	
1274188837931	-106	33	-962	29801	29921	30147	 	 	 	 	 	 	 	 	 	 	 	 	
1274188837936	-103	28	-964	29775	30088	30094	 	 	 	 	 	 	 	 	 	 	 	 	
1274188837941	-100	28	-962	29809	29907	30163	 	 	 	 	 	 	 	 	 	 	 	 	
1274188837946	-95	22	-957	29807	29838	30159	 	 	 	 	 	 	 	 	 	 	 	 	
1274188837951	-92	22	-957	29852	29885	30128	 	 	 	 	 	 	 	 	 	 	 	 	
1274188837954	 	 	 	 	 	 	0.996155	0.0874954	0.00445568	-0.0876035	0.994252	0.0615491	0.000955187	-0.0617028	0.998094	0.563233	0.123793	-0.469172	
1274188837956	-91	21	-962	29815	29839	30181	 	 	 	 	 	 	 	 	 	 	 	 	
1274188837961	-87	21	-961	29807	30020	30159	 	 	 	 	 	 	 	 	 	 	 	 	
1274188837966	-86	22	-960	29811	29863	30176	 	 	 	 	 	 	 	 	 	 	 	 	
1274188837971	-83	23	-966	29827	29863	30167	 	 	 	 	 	 	 	 	 	 	 	 	
1274188837976	-81	26	-972	29821	29905	30137	 	 	 	 	 	 	 	 	 	 	 	 	
1274188837981	-84	27	-982	29838	30080	30110	 	 	 	 	 	 	 	 	 	 	 	 	
1274188837986	-82	33	-987	29811	29875	30131	 	 	 	 	 	 	 	 	 	 	 	 	
1274188837987	 	 	 	 	 	 	0.995893	0.0896689	0.0125187	-0.0902719	0.994026	0.0613502	-0.00694276	-0.0622283	0.998038	0.566909	0.12545	-0.470468	
1274188837991	-78	37	-987	29856	29863	30151	 	 	 	 	 	 	 	 	 	 	 	 	
1274188837996	-77	42	-983	29880	30014	30094	 	 	 	 	 	 	 	 	 	 	 	 	
1274188838001	-76	45	-980	29847	29839	30127	 	 	 	 	 	 	 	 	 	 	 	 	
1274188838006	-73	51	-974	29852	30008	30084	 	 	 	 	 	 	 	 	 	 	 	 	
1274188838011	-67	48	-966	29847	29863	30127	 	 	 	 	 	 	 	 	 	 	 	 	
1274188838016	-62	48	-966	29838	29863	30084	 	 	 	 	 	 	 	 	 	 	 	 	
1274188838019	 	 	 	 	 	 	0.995629	0.09025	0.0240554	-0.0915678	0.993935	0.0608938	-0.0184138	-0.0628304	0.997854	0.567328	0.127476	-0.470636	
1274188838021	-58	48	-966	29817	29891	30075	 	 	 	 	 	 	 	 	 	 	 	 	
1274188838026	-55	46	-965	29852	29885	30072	 	 	 	 	 	 	 	 	 	 	 	 	
1274188838031	-54	45	-965	29847	29858	30119	 	 	 	 	 	 	 	 	 	 	 	 	
1274188838036	-52	42	-966	29852	29881	30076	 	 	 	 	 	 	 	 	 	 	 	 	
1274188838041	-53	41	-964	29859	29839	30119	 	 	 	 	 	 	 	 	 	 	 	 	
1274188838046	-47	41	-958	29839	29859	30030	 	 	 	 	 	 	 	 	 	 	 	 	
1274188838051	-43	42	-955	29847	29837	30119	 	 	 	 	 	 	 	 	 	 	 	 	
1274188838053	 	 	 	 	 	 	0.995383	0.0908831	0.0308677	-0.0927526	0.993513	0.065789	-0.0246884	-0.0683483	0.997356	0.569412	0.127141	-0.471231	
1274188838056	-46	42	-951	29847	29881	30072	 	 	 	 	 	 	 	 	 	 	 	 	
1274188838061	-42	40	-951	29852	29881	30072	 	 	 	 	 	 	 	 	 	 	 	 	
1274188838066	-42	35	-956	29811	29843	30067	 	 	 	 	 	 	 	 	 	 	 	 	
1274188838071	-40	36	-962	29811	29841	30067	 	 	 	 	 	 	 	 	 	 	 	 	
1274188838076	-33	34	-966	29841	29827	30103	 	 	 	 	 	 	 	 	 	 	 	 	
1274188838081	-27	34	-971	29852	29885	30012	 	 	 	 	 	 	 	 	 	 	 	 	
1274188838085	 	 	 	 	 	 	0.995125	0.0909176	0.0382118	-0.0932637	0.993523	0.0649089	-0.0320629	-0.0681562	0.997159	0.570407	0.129396	-0.471399	
1274188838086	-25	35	-975	29836	29966	30094	 	 	 	 	 	 	 	 	 	 	 	 	
1274188838091	-23	37	-980	29831	29811	30073	 	 	 	 	 	 	 	 	 	 	 	 	
1274188838096	-20	38	-980	29838	29980	30012	 	 	 	 	 	 	 	 	 	 	 	 	
1274188838101	-21	43	-980	29838	29980	30014	 	 	 	 	 	 	 	 	 	 	 	 	
1274188838106	-18	45	-982	29824	29774	30095	 	 	 	 	 	 	 	 	 	 	 	 	
1274188838111	-16	45	-984	29815	29982	30030	 	 	 	 	 	 	 	 	 	 	 	 	
1274188838116	-13	45	-988	29838	29980	30014	 	 	 	 	 	 	 	 	 	 	 	 	
1274188838118	 	 	 	 	 	 	0.994967	0.0901732	0.0437004	-0.0929846	0.993393	0.0672564	-0.037347	-0.0709814	0.996778	0.571682	0.129688	-0.471459	
1274188838121	-14	47	-991	29774	29980	30030	 	 	 	 	 	 	 	 	 	 	 	 	
1274188838126	-12	45	-994	29817	29811	30067	 	 	 	 	 	 	 	 	 	 	 	 	
1274188838131	-8	51	-998	29836	29775	29982	 	 	 	 	 	 	 	 	 	 	 	 	
1274188838137	-6	51	-1001	29811	29795	30067	 	 	 	 	 	 	 	 	 	 	 	 	
1274188838142	-10	50	-994	29816	29811	30073	 	 	 	 	 	 	 	 	 	 	 	 	
1274188838147	-5	51	-992	29798	29964	30030	 	 	 	 	 	 	 	 	 	 	 	 	
1274188838150	 	 	 	 	 	 	0.994701	0.0886127	0.0521387	-0.0920666	0.993424	0.0680629	-0.0457646	-0.0725024	0.996318	0.570725	0.130352	-0.470881	
1274188838152	-3	53	-995	29799	29900	30084	 	 	 	 	 	 	 	 	 	 	 	 	
1274188838157	1	54	-995	29775	29960	30028	 	 	 	 	 	 	 	 	 	 	 	 	
1274188838162	6	52	-997	29779	29783	30067	 	 	 	 	 	 	 	 	 	 	 	 	
1274188838167	3	52	-995	29783	29767	30070	 	 	 	 	 	 	 	 	 	 	 	 	
1274188838172	6	53	-1000	29788	29817	30013	 	 	 	 	 	 	 	 	 	 	 	 	
1274188838177	11	53	-1001	29774	29980	29982	 	 	 	 	 	 	 	 	 	 	 	 	
1274188838182	17	53	-997	29775	29958	30020	 	 	 	 	 	 	 	 	 	 	 	 	
1274188838183	 	 	 	 	 	 	0.99456	0.0864574	0.0580993	-0.0903382	0.993596	0.0678669	-0.0518597	-0.0727463	0.996001	0.57059	0.131132	-0.470725	
1274188838187	25	51	-1003	29779	29743	30063	 	 	 	 	 	 	 	 	 	 	 	 	
1274188838192	17	47	-1010	29777	29779	30067	 	 	 	 	 	 	 	 	 	 	 	 	
1274188838197	16	46	-1018	29777	29817	30009	 	 	 	 	 	 	 	 	 	 	 	 	
1274188838202	20	46	-1021	29756	29817	30009	 	 	 	 	 	 	 	 	 	 	 	 	
1274188838207	20	46	-1023	29777	29743	30070	 	 	 	 	 	 	 	 	 	 	 	 	
1274188838212	24	48	-1021	29775	29694	30063	 	 	 	 	 	 	 	 	 	 	 	 	
1274188838215	 	 	 	 	 	 	0.994217	0.0833023	0.0677801	-0.0880612	0.993614	0.0705461	-0.0614706	-0.0761069	0.995203	0.568347	0.130136	-0.469949	
1274188838217	25	48	-1013	29775	29952	30030	 	 	 	 	 	 	 	 	 	 	 	 	
1274188838222	22	53	-1008	29779	29777	30051	 	 	 	 	 	 	 	 	 	 	 	 	
1274188838227	28	51	-1004	29761	29779	30049	 	 	 	 	 	 	 	 	 	 	 	 	
1274188838232	31	48	-1001	29775	29902	30030	 	 	 	 	 	 	 	 	 	 	 	 	
1274188838237	34	48	-995	29775	29966	29966	 	 	 	 	 	 	 	 	 	 	 	 	
1274188838242	38	47	-993	29793	29976	30033	 	 	 	 	 	 	 	 	 	 	 	 	
1274188838247	44	47	-987	29779	29783	30023	 	 	 	 	 	 	 	 	 	 	 	 	
1274188838249	 	 	 	 	 	 	0.994189	0.0821151	0.0696081	-0.0867597	0.994003	0.0665572	-0.0637253	-0.0722096	0.995352	0.569287	0.132531	-0.470618	
1274188838252	42	47	-986	29777	29795	30019	 	 	 	 	 	 	 	 	 	 	 	 	
1274188838257	46	45	-983	29772	29980	29966	 	 	 	 	 	 	 	 	 	 	 	 	
1274188838262	46	46	-984	29774	29783	29966	 	 	 	 	 	 	 	 	 	 	 	 	
1274188838267	47	43	-983	29779	29774	30007	 	 	 	 	 	 	 	 	 	 	 	 	
1274188838272	50	42	-982	29767	29775	30003	 	 	 	 	 	 	 	 	 	 	 	 	
1274188838277	51	42	-986	29695	29768	29999	 	 	 	 	 	 	 	 	 	 	 	 	
1274188838281	 	 	 	 	 	 	0.993814	0.0799713	0.0770637	-0.0853023	0.993993	0.0685635	-0.0711177	-0.0747131	0.994666	0.566721	0.131831	-0.469797	
1274188838282	52	44	-986	29753	29811	29977	 	 	 	 	 	 	 	 	 	 	 	 	
1274188838287	53	47	-983	29767	29774	29967	 	 	 	 	 	 	 	 	 	 	 	 	
1274188838292	56	48	-985	29763	29792	29943	 	 	 	 	 	 	 	 	 	 	 	 	
1274188838297	62	48	-985	29763	29795	29939	 	 	 	 	 	 	 	 	 	 	 	 	
1274188838303	64	51	-984	29758	30004	29852	 	 	 	 	 	 	 	 	 	 	 	 	
1274188838308	62	54	-985	29774	29980	29854	 	 	 	 	 	 	 	 	 	 	 	 	
1274188838313	61	55	-984	29753	29808	29913	 	 	 	 	 	 	 	 	 	 	 	 	
1274188838314	 	 	 	 	 	 	0.993792	0.0787708	0.0785686	-0.0841813	0.99412	0.0681073	-0.0727417	-0.0742985	0.994579	0.565836	0.132199	-0.469631	
1274188838318	62	55	-985	29727	29817	29880	 	 	 	 	 	 	 	 	 	 	 	 	
1274188838323	56	57	-986	29745	29795	29907	 	 	 	 	 	 	 	 	 	 	 	 	
1274188838328	55	60	-986	29726	30008	29852	 	 	 	 	 	 	 	 	 	 	 	 	
1274188838333	52	61	-987	29751	29775	29895	 	 	 	 	 	 	 	 	 	 	 	 	
1274188838338	51	61	-991	29760	29783	29895	 	 	 	 	 	 	 	 	 	 	 	 	
1274188838343	47	61	-996	29753	29799	29881	 	 	 	 	 	 	 	 	 	 	 	 	
1274188838346	 	 	 	 	 	 	0.99396	0.0777755	0.0774284	-0.082656	0.99465	0.0619582	-0.0721954	-0.0679838	0.995071	0.565406	0.135295	-0.46965	
1274188838348	48	58	-1000	29751	29817	29871	 	 	 	 	 	 	 	 	 	 	 	 	
1274188838353	45	57	-997	29753	29811	29823	 	 	 	 	 	 	 	 	 	 	 	 	
1274188838358	43	54	-996	29711	29980	29836	 	 	 	 	 	 	 	 	 	 	 	 	
1274188838363	38	51	-998	29760	29982	29826	 	 	 	 	 	 	 	 	 	 	 	 	
1274188838368	42	46	-1001	29763	29795	29863	 	 	 	 	 	 	 	 	 	 	 	 	
1274188838373	42	43	-1004	29763	29775	29857	 	 	 	 	 	 	 	 	 	 	 	 	
1274188838378	40	44	-1006	29756	29821	29816	 	 	 	 	 	 	 	 	 	 	 	 	
1274188838379	 	 	 	 	 	 	0.994224	0.0750973	0.076672	-0.0802861	0.994518	0.0669963	-0.0712204	-0.072765	0.994803	0.564009	0.133021	-0.468878	
1274188838383	41	47	-1005	29775	29902	29839	 	 	 	 	 	 	 	 	 	 	 	 	
1274188838388	41	46	-1004	29774	29980	29824	 	 	 	 	 	 	 	 	 	 	 	 	
1274188838393	44	46	-1004	29783	29817	29832	 	 	 	 	 	 	 	 	 	 	 	 	
1274188838398	45	46	-1002	29783	29980	29832	 	 	 	 	 	 	 	 	 	 	 	 	
1274188838403	45	45	-1005	29791	29838	29871	 	 	 	 	 	 	 	 	 	 	 	 	
1274188838408	44	46	-1007	29799	29711	29871	 	 	 	 	 	 	 	 	 	 	 	 	
1274188838411	 	 	 	 	 	 	0.994129	0.0731332	0.0797476	-0.0785303	0.994672	0.0667822	-0.0744387	-0.0726527	0.994576	0.560802	0.133738	-0.467781	
1274188838413	46	46	-1006	29809	29763	29889	 	 	 	 	 	 	 	 	 	 	 	 	
1274188838418	47	47	-1008	29810	29695	29888	 	 	 	 	 	 	 	 	 	 	 	 	
1274188838423	45	50	-1005	29775	29918	29838	 	 	 	 	 	 	 	 	 	 	 	 	
1274188838428	48	48	-1003	29811	29760	29891	 	 	 	 	 	 	 	 	 	 	 	 	
1274188838433	53	51	-1005	29828	29902	29903	 	 	 	 	 	 	 	 	 	 	 	 	
1274188838438	50	51	-1001	29827	29817	29852	 	 	 	 	 	 	 	 	 	 	 	 	
1274188838443	51	54	-1004	29852	29952	29854	 	 	 	 	 	 	 	 	 	 	 	 	
1274188838445	 	 	 	 	 	 	0.99439	0.0708135	0.0785752	-0.076275	0.994708	0.0688303	-0.0732853	-0.0744375	0.994529	0.560016	0.134146	-0.467958	
1274188838448	45	55	-1006	29847	29734	29895	 	 	 	 	 	 	 	 	 	 	 	 	
1274188838453	48	56	-1007	29859	29751	29879	 	 	 	 	 	 	 	 	 	 	 	 	
1274188838458	47	58	-1006	29873	29751	29879	 	 	 	 	 	 	 	 	 	 	 	 	
1274188838463	51	60	-1007	29875	29763	29875	 	 	 	 	 	 	 	 	 	 	 	 	
1274188838468	50	64	-1007	29884	29817	29817	 	 	 	 	 	 	 	 	 	 	 	 	
1274188838473	48	65	-1002	29891	29767	29863	 	 	 	 	 	 	 	 	 	 	 	 	
1274188838477	 	 	 	 	 	 	0.994441	0.0669627	0.0812647	-0.0729222	0.994682	0.0727277	-0.0759625	-0.0782494	0.994036	0.557203	0.134594	-0.46734	
1274188838478	48	65	-1002	29895	29767	29859	 	 	 	 	 	 	 	 	 	 	 	 	
1274188838484	52	67	-1004	29905	29795	29811	 	 	 	 	 	 	 	 	 	 	 	 	
1274188838489	52	68	-1012	29903	29960	29838	 	 	 	 	 	 	 	 	 	 	 	 	
1274188838494	50	67	-1014	29923	29775	29831	 	 	 	 	 	 	 	 	 	 	 	 	
1274188838499	47	68	-1010	29952	29811	29817	 	 	 	 	 	 	 	 	 	 	 	 	
1274188838504	52	70	-1004	29935	29902	29833	 	 	 	 	 	 	 	 	 	 	 	 	
1274188838509	53	67	-1004	29935	29799	29775	 	 	 	 	 	 	 	 	 	 	 	 	
1274188838510	 	 	 	 	 	 	0.994857	0.0666865	0.076241	-0.072364	0.994607	0.0743045	-0.0708747	-0.0794395	0.994317	0.557107	0.13751	-0.46793	
1274188838514	51	67	-1003	29966	30012	29726	 	 	 	 	 	 	 	 	 	 	 	 	
1274188838519	48	68	-998	29943	29799	29815	 	 	 	 	 	 	 	 	 	 	 	 	
1274188838524	45	68	-995	29967	29775	29807	 	 	 	 	 	 	 	 	 	 	 	 	
1274188838529	44	66	-993	29939	29827	29811	 	 	 	 	 	 	 	 	 	 	 	 	
1274188838534	44	67	-991	29966	30012	29756	 	 	 	 	 	 	 	 	 	 	 	 	
1274188838539	52	63	-994	29947	29815	29811	 	 	 	 	 	 	 	 	 	 	 	 	
1274188838542	 	 	 	 	 	 	0.994941	0.0655005	0.0761687	-0.0714432	0.994382	0.0781064	-0.0706247	-0.083153	0.994031	0.55466	0.140233	-0.467884	
1274188838544	43	62	-994	30009	29881	29756	 	 	 	 	 	 	 	 	 	 	 	 	
1274188838549	40	63	-998	29999	29774	29839	 	 	 	 	 	 	 	 	 	 	 	 	
1274188838554	40	63	-997	30023	29798	29839	 	 	 	 	 	 	 	 	 	 	 	 	
1274188838559	35	66	-997	30031	29966	29838	 	 	 	 	 	 	 	 	 	 	 	 	
1274188838564	37	66	-1002	30030	29980	29774	 	 	 	 	 	 	 	 	 	 	 	 	
1274188838569	32	73	-1001	30051	29980	29790	 	 	 	 	 	 	 	 	 	 	 	 	
1274188838574	27	74	-1004	30071	29799	29863	 	 	 	 	 	 	 	 	 	 	 	 	
1274188838576	 	 	 	 	 	 	0.995007	0.0630931	0.0773294	-0.07025	0.993126	0.0936225	-0.0708909	-0.0985875	0.9926	0.551974	0.138461	-0.467673	
1274188838579	28	77	-1000	30030	29980	29774	 	 	 	 	 	 	 	 	 	 	 	 	
1274188838584	25	81	-1005	30108	29799	29758	 	 	 	 	 	 	 	 	 	 	 	 	
1274188838589	22	86	-1005	30092	29966	29836	 	 	 	 	 	 	 	 	 	 	 	 	
1274188838594	20	87	-1006	30108	29817	29753	 	 	 	 	 	 	 	 	 	 	 	 	
1274188838599	23	94	-1004	30073	29811	29811	 	 	 	 	 	 	 	 	 	 	 	 	
1274188838604	18	94	-1004	30119	29807	29839	 	 	 	 	 	 	 	 	 	 	 	 	
1274188838608	 	 	 	 	 	 	0.995174	0.0615847	0.0763954	-0.0692832	0.992307	0.102595	-0.0694894	-0.107393	0.991785	0.550229	0.140882	-0.468011	
1274188838609	22	95	-1003	30119	29982	29838	 	 	 	 	 	 	 	 	 	 	 	 	
1274188838614	26	98	-1002	30127	29775	29839	 	 	 	 	 	 	 	 	 	 	 	 	
1274188838619	32	95	-998	30095	29982	29774	 	 	 	 	 	 	 	 	 	 	 	 	
1274188838624	31	95	-994	30147	29807	29831	 	 	 	 	 	 	 	 	 	 	 	 	
1274188838629	33	92	-993	30142	29881	29756	 	 	 	 	 	 	 	 	 	 	 	 	
1274188838634	33	93	-991	30158	30012	29756	 	 	 	 	 	 	 	 	 	 	 	 	
1274188838639	35	95	-988	30176	29811	29774	 	 	 	 	 	 	 	 	 	 	 	 	
1274188838641	 	 	 	 	 	 	0.995368	0.0617036	0.0737187	-0.0699442	0.990899	0.115008	-0.0659514	-0.119632	0.990625	0.548865	0.143173	-0.468838	
1274188838644	32	98	-984	30158	30012	29756	 	 	 	 	 	 	 	 	 	 	 	 	
1274188838649	33	102	-984	30208	29819	29817	 	 	 	 	 	 	 	 	 	 	 	 	
1274188838654	37	105	-983	30195	29839	29846	 	 	 	 	 	 	 	 	 	 	 	 	
1274188838659	42	101	-988	30159	29982	29774	 	 	 	 	 	 	 	 	 	 	 	 	
1274188838664	43	102	-991	30211	29831	29843	 	 	 	 	 	 	 	 	 	 	 	 	
1274188838669	40	100	-990	30191	29900	29839	 	 	 	 	 	 	 	 	 	 	 	 	
1274188838673	 	 	 	 	 	 	0.995282	0.0608832	0.0755398	-0.0700913	0.989559	0.125934	-0.0670839	-0.130635	0.989158	0.545555	0.146888	-0.468963	
1274188838674	40	95	-993	30243	29966	29839	 	 	 	 	 	 	 	 	 	 	 	 	
1274188838679	37	103	-995	30207	29966	29834	 	 	 	 	 	 	 	 	 	 	 	 	
1274188838685	32	103	-994	30207	29830	29826	 	 	 	 	 	 	 	 	 	 	 	 	
1274188838690	30	113	-994	30265	29811	29808	 	 	 	 	 	 	 	 	 	 	 	 	
1274188838695	31	116	-993	30265	29823	29753	 	 	 	 	 	 	 	 	 	 	 	 	
1274188838700	32	123	-984	30279	29837	29798	 	 	 	 	 	 	 	 	 	 	 	 	
1274188838705	28	133	-981	30289	29847	29783	 	 	 	 	 	 	 	 	 	 	 	 	
1274188838706	 	 	 	 	 	 	0.995566	0.0594232	0.0729244	-0.0693557	0.987397	0.142255	-0.0635521	-0.146682	0.98714	0.543537	0.149334	-0.469872	
1274188838710	26	137	-980	30265	29859	29777	 	 	 	 	 	 	 	 	 	 	 	 	
1274188838715	30	140	-980	30291	29859	29779	 	 	 	 	 	 	 	 	 	 	 	 	
1274188838720	30	138	-976	30310	29838	29775	 	 	 	 	 	 	 	 	 	 	 	 	
1274188838725	28	138	-976	30336	30009	29724	 	 	 	 	 	 	 	 	 	 	 	 	
1274188838730	24	134	-977	30311	29839	29775	 	 	 	 	 	 	 	 	 	 	 	 	
1274188838735	23	138	-980	30286	30044	29694	 	 	 	 	 	 	 	 	 	 	 	 	
1274188838738	 	 	 	 	 	 	0.995566	0.0594232	0.0729244	-0.0693557	0.987397	0.142255	-0.0635521	-0.146682	0.98714	0.543537	0.149334	-0.469872	
1274188838740	20	138	-980	30323	29874	29783	 	 	 	 	 	 	 	 	 	 	 	 	
1274188838745	20	144	-975	30323	29839	29781	 	 	 	 	 	 	 	 	 	 	 	 	
1274188838750	15	145	-972	30329	29891	29761	 	 	 	 	 	 	 	 	 	 	 	 	
1274188838755	12	153	-967	30319	30014	29694	 	 	 	 	 	 	 	 	 	 	 	 	
1274188838760	16	152	-970	30364	29881	29736	 	 	 	 	 	 	 	 	 	 	 	 	
1274188838765	17	153	-971	30343	29967	29775	 	 	 	 	 	 	 	 	 	 	 	 	
1274188838770	21	153	-971	30350	30100	29694	 	 	 	 	 	 	 	 	 	 	 	 	
1274188838772	 	 	 	 	 	 	0.995566	0.0594232	0.0729244	-0.0693557	0.987397	0.142255	-0.0635521	-0.146682	0.98714	0.543537	0.149334	-0.469872	
1274188838775	15	153	-968	30343	29862	29795	 	 	 	 	 	 	 	 	 	 	 	 	
1274188838780	14	153	-965	30339	29872	29779	 	 	 	 	 	 	 	 	 	 	 	 	
1274188838785	15	153	-964	30323	29875	29795	 	 	 	 	 	 	 	 	 	 	 	 	
1274188838790	15	156	-968	30329	29875	29795	 	 	 	 	 	 	 	 	 	 	 	 	
1274188838795	10	158	-973	30329	29891	29793	 	 	 	 	 	 	 	 	 	 	 	 	
1274188838800	6	166	-975	30364	29905	29757	 	 	 	 	 	 	 	 	 	 	 	 	
1274188838805	4	174	-977	30384	29905	29759	 	 	 	 	 	 	 	 	 	 	 	 	
1274188838810	2	182	-982	30323	29875	29815	 	 	 	 	 	 	 	 	 	 	 	 	
1274188838815	5	187	-983	30323	30080	29756	 	 	 	 	 	 	 	 	 	 	 	 	
1274188838820	8	190	-987	30347	30030	29836	 	 	 	 	 	 	 	 	 	 	 	 	
1274188838825	13	190	-986	30366	30076	29756	 	 	 	 	 	 	 	 	 	 	 	 	
1274188838830	13	196	-986	30343	29859	29831	 	 	 	 	 	 	 	 	 	 	 	 	
1274188838835	20	202	-983	30319	29839	29839	 	 	 	 	 	 	 	 	 	 	 	 	
1274188838840	15	207	-977	30348	29881	29756	 	 	 	 	 	 	 	 	 	 	 	 	
1274188838845	16	207	-972	30332	29913	29817	 	 	 	 	 	 	 	 	 	 	 	 	
1274188838850	18	206	-967	30348	30073	29756	 	 	 	 	 	 	 	 	 	 	 	 	
1274188838855	17	205	-967	30321	29875	29811	 	 	 	 	 	 	 	 	 	 	 	 	
1274188838860	17	205	-970	30311	29866	29827	 	 	 	 	 	 	 	 	 	 	 	 	
1274188838865	16	203	-972	30319	30030	29774	 	 	 	 	 	 	 	 	 	 	 	 	
1274188838869	 	 	 	 	 	 	0.99385	0.056824	0.0950397	-0.0791563	0.964765	0.250923	-0.0774326	-0.256903	0.96333	0.516488	0.145297	-0.47821	
1274188838870	11	205	-975	30311	29838	29826	 	 	 	 	 	 	 	 	 	 	 	 	
1274188838876	10	205	-977	30286	30092	29726	 	 	 	 	 	 	 	 	 	 	 	 	
1274188838881	6	210	-974	30307	29879	29809	 	 	 	 	 	 	 	 	 	 	 	 	
1274188838886	7	213	-968	30295	29839	29807	 	 	 	 	 	 	 	 	 	 	 	 	
1274188838891	6	221	-967	30268	29952	29724	 	 	 	 	 	 	 	 	 	 	 	 	
1274188838896	6	225	-967	30289	29863	29795	 	 	 	 	 	 	 	 	 	 	 	 	
1274188838901	2	236	-967	30279	29839	29799	 	 	 	 	 	 	 	 	 	 	 	 	
1274188838902	 	 	 	 	 	 	0.995583	0.0537597	0.0769724	-0.0736354	0.955719	0.28492	-0.0582468	-0.28933	0.955456	0.520011	0.146275	-0.462559	
1274188838906	4	236	-970	30259	29838	29795	 	 	 	 	 	 	 	 	 	 	 	 	
1274188838911	0	233	-970	30259	29843	29799	 	 	 	 	 	 	 	 	 	 	 	 	
1274188838916	-4	234	-970	30243	29830	29799	 	 	 	 	 	 	 	 	 	 	 	 	
1274188838921	-2	233	-963	30247	29831	29797	 	 	 	 	 	 	 	 	 	 	 	 	
1274188838926	-15	235	-968	30222	29841	29809	 	 	 	 	 	 	 	 	 	 	 	 	
1274188838931	-10	232	-964	30191	29982	29774	 	 	 	 	 	 	 	 	 	 	 	 	
1274188838934	 	 	 	 	 	 	0.995738	0.0530673	0.0754309	-0.0730991	0.952811	0.294633	-0.056236	-0.298891	0.952629	0.516235	0.150555	-0.464636	
1274188838936	14	240	-964	30191	29807	29798	 	 	 	 	 	 	 	 	 	 	 	 	
1274188838941	-3	248	-966	30191	29775	29807	 	 	 	 	 	 	 	 	 	 	 	 	
1274188838946	-6	240	-968	30236	29881	29756	 	 	 	 	 	 	 	 	 	 	 	 	
1274188838951	-11	252	-988	30225	29815	29811	 	 	 	 	 	 	 	 	 	 	 	 	
1274188838956	1	252	-985	30215	29798	29843	 	 	 	 	 	 	 	 	 	 	 	 	
1274188838961	3	245	-977	30191	29892	29839	 	 	 	 	 	 	 	 	 	 	 	 	
1274188838966	-2	244	-978	30191	29966	29774	 	 	 	 	 	 	 	 	 	 	 	 	
1274188838968	 	 	 	 	 	 	0.996026	0.0511628	0.0729035	-0.0711631	0.949371	0.305991	-0.0535572	-0.309963	0.949239	0.513227	0.15373	-0.466299	
1274188838971	2	257	-977	30211	29793	29847	 	 	 	 	 	 	 	 	 	 	 	 	
1274188838976	10	263	-974	30158	29980	29774	 	 	 	 	 	 	 	 	 	 	 	 	
1274188838981	7	256	-967	30216	29809	29817	 	 	 	 	 	 	 	 	 	 	 	 	
1274188838986	0	256	-970	30183	29768	29858	 	 	 	 	 	 	 	 	 	 	 	 	
1274188838991	12	265	-968	30180	29902	29839	 	 	 	 	 	 	 	 	 	 	 	 	
1274188838996	23	263	-966	30176	29779	29811	 	 	 	 	 	 	 	 	 	 	 	 	
1274188839000	 	 	 	 	 	 	0.997047	0.0450568	0.0621867	-0.0627443	0.944864	0.321395	-0.044277	-0.324348	0.944901	0.515755	0.154531	-0.465866	
1274188839001	10	253	-962	30159	29902	29858	 	 	 	 	 	 	 	 	 	 	 	 	
1274188839006	6	258	-963	30140	29817	29817	 	 	 	 	 	 	 	 	 	 	 	 	
1274188839011	15	270	-956	30162	29695	29839	 	 	 	 	 	 	 	 	 	 	 	 	
1274188839016	15	272	-950	30151	29679	29839	 	 	 	 	 	 	 	 	 	 	 	 	
1274188839021	5	270	-951	30137	29763	29811	 	 	 	 	 	 	 	 	 	 	 	 	
1274188839026	8	275	-943	30128	29751	29843	 	 	 	 	 	 	 	 	 	 	 	 	
1274188839031	11	278	-941	30073	29747	29811	 	 	 	 	 	 	 	 	 	 	 	 	
1274188839033	 	 	 	 	 	 	0.997274	0.0408185	0.0614696	-0.0589961	0.941437	0.331988	-0.0443185	-0.33471	0.941278	0.511663	0.156156	-0.467181	
1274188839037	7	280	-950	30073	29747	29811	 	 	 	 	 	 	 	 	 	 	 	 	
1274188839042	2	280	-947	30073	29747	29811	 	 	 	 	 	 	 	 	 	 	 	 	
1274188839047	6	284	-943	30076	29784	29817	 	 	 	 	 	 	 	 	 	 	 	 	
1274188839052	11	287	-946	30055	29776	29831	 	 	 	 	 	 	 	 	 	 	 	 	
1274188839057	12	288	-951	30072	29777	29817	 	 	 	 	 	 	 	 	 	 	 	 	
1274188839062	8	286	-944	30033	29734	29831	 	 	 	 	 	 	 	 	 	 	 	 	
1274188839065	 	 	 	 	 	 	0.997595	0.0380409	0.0579394	-0.0554498	0.939567	0.337845	-0.0415861	-0.340245	0.939417	0.508784	0.157678	-0.469915	
1274188839067	5	290	-936	30019	29735	29831	 	 	 	 	 	 	 	 	 	 	 	 	
1274188839072	4	298	-945	30001	29747	29811	 	 	 	 	 	 	 	 	 	 	 	 	
1274188839077	7	306	-953	30001	29747	29809	 	 	 	 	 	 	 	 	 	 	 	 	
1274188839082	11	307	-944	29939	29744	29811	 	 	 	 	 	 	 	 	 	 	 	 	
1274188839087	5	308	-950	29939	29735	29811	 	 	 	 	 	 	 	 	 	 	 	 	
1274188839092	6	314	-957	29937	29719	29831	 	 	 	 	 	 	 	 	 	 	 	 	
1274188839097	6	314	-956	29923	29714	29831	 	 	 	 	 	 	 	 	 	 	 	 	
1274188839098	 	 	 	 	 	 	0.99783	0.034187	0.0562646	-0.051266	0.939666	0.338231	-0.0413068	-0.340382	0.93938	0.504581	0.161032	-0.471864	
1274188839102	2	314	-955	29907	29703	29843	 	 	 	 	 	 	 	 	 	 	 	 	
1274188839107	-4	313	-960	29891	29647	29863	 	 	 	 	 	 	 	 	 	 	 	 	
1274188839112	4	317	-963	29875	29679	29856	 	 	 	 	 	 	 	 	 	 	 	 	
1274188839117	8	322	-961	29815	29703	29843	 	 	 	 	 	 	 	 	 	 	 	 	
1274188839122	2	321	-958	29809	29712	29811	 	 	 	 	 	 	 	 	 	 	 	 	
1274188839127	0	324	-961	29828	29854	29832	 	 	 	 	 	 	 	 	 	 	 	 	
1274188839131	 	 	 	 	 	 	0.998132	0.0287256	0.0539277	-0.0456274	0.937433	0.345163	-0.0406385	-0.346979	0.936992	0.501115	0.158888	-0.471804	
1274188839132	4	326	-961	29799	29678	29859	 	 	 	 	 	 	 	 	 	 	 	 	
1274188839137	7	325	-960	29793	29699	29811	 	 	 	 	 	 	 	 	 	 	 	 	
1274188839142	-2	321	-958	29765	29647	29859	 	 	 	 	 	 	 	 	 	 	 	 	
1274188839147	-2	320	-954	29726	29737	29817	 	 	 	 	 	 	 	 	 	 	 	 	
1274188839152	3	323	-957	29729	29679	29847	 	 	 	 	 	 	 	 	 	 	 	 	
1274188839157	8	326	-957	29712	29713	29811	 	 	 	 	 	 	 	 	 	 	 	 	
1274188839162	14	326	-958	29683	29703	29856	 	 	 	 	 	 	 	 	 	 	 	 	
1274188839164	 	 	 	 	 	 	0.998129	0.0239484	0.0562515	-0.041797	0.93878	0.341973	-0.0446181	-0.343684	0.938025	0.494234	0.160179	-0.472731	
1274188839167	13	327	-960	29629	29731	29817	 	 	 	 	 	 	 	 	 	 	 	 	
1274188839172	18	332	-961	29649	29703	29858	 	 	 	 	 	 	 	 	 	 	 	 	
1274188839177	21	332	-963	29615	29678	29856	 	 	 	 	 	 	 	 	 	 	 	 	
1274188839182	22	325	-961	29567	29715	29811	 	 	 	 	 	 	 	 	 	 	 	 	
1274188839187	16	318	-953	29591	29703	29847	 	 	 	 	 	 	 	 	 	 	 	 	
1274188839192	13	320	-950	29571	29703	29847	 	 	 	 	 	 	 	 	 	 	 	 	
1274188839196	 	 	 	 	 	 	0.998445	0.0211541	0.0515781	-0.0375011	0.939445	0.340642	-0.0412489	-0.342046	0.938777	0.491417	0.157513	-0.472451	
1274188839197	12	317	-942	29588	29753	29817	 	 	 	 	 	 	 	 	 	 	 	 	
1274188839202	11	307	-934	29551	29838	29838	 	 	 	 	 	 	 	 	 	 	 	 	
1274188839207	3	303	-936	29537	29647	29860	 	 	 	 	 	 	 	 	 	 	 	 	
1274188839213	6	304	-940	29527	29663	29839	 	 	 	 	 	 	 	 	 	 	 	 	
1274188839218	7	303	-934	29518	29884	29790	 	 	 	 	 	 	 	 	 	 	 	 	
1274188839223	0	300	-934	29489	29715	29811	 	 	 	 	 	 	 	 	 	 	 	 	
1274188839228	-2	294	-934	29431	29703	29859	 	 	 	 	 	 	 	 	 	 	 	 	
1274188839229	 	 	 	 	 	 	0.99869	0.0156994	0.0487107	-0.0308672	0.943959	0.328617	-0.0408218	-0.32969	0.943206	0.487305	0.159407	-0.473629	
1274188839233	0	294	-934	29431	29679	29856	 	 	 	 	 	 	 	 	 	 	 	 	
1274188839238	-3	293	-931	29427	29699	29843	 	 	 	 	 	 	 	 	 	 	 	 	
1274188839243	-8	286	-932	29431	29679	29863	 	 	 	 	 	 	 	 	 	 	 	 	
1274188839248	-10	286	-933	29427	29703	29859	 	 	 	 	 	 	 	 	 	 	 	 	
1274188839253	-10	288	-936	29425	29713	29811	 	 	 	 	 	 	 	 	 	 	 	 	
1274188839258	-8	293	-943	29422	29729	29838	 	 	 	 	 	 	 	 	 	 	 	 	
1274188839261	 	 	 	 	 	 	0.998605	0.0122524	0.0513602	-0.0280724	0.947038	0.319893	-0.0447205	-0.320889	0.94606	0.479863	0.157678	-0.473515	
1274188839263	-13	287	-954	29390	29838	29774	 	 	 	 	 	 	 	 	 	 	 	 	
1274188839268	-12	285	-961	29390	29884	29790	 	 	 	 	 	 	 	 	 	 	 	 	
1274188839273	-13	286	-964	29369	29854	29774	 	 	 	 	 	 	 	 	 	 	 	 	
1274188839278	-11	282	-963	29404	29753	29753	 	 	 	 	 	 	 	 	 	 	 	 	
1274188839283	-11	275	-957	29408	29731	29841	 	 	 	 	 	 	 	 	 	 	 	 	
1274188839288	-11	270	-952	29390	29663	29839	 	 	 	 	 	 	 	 	 	 	 	 	
1274188839293	-7	270	-951	29395	29711	29847	 	 	 	 	 	 	 	 	 	 	 	 	
1274188839295	 	 	 	 	 	 	0.998727	0.0084261	0.0497271	-0.0232985	0.951521	0.306699	-0.0447321	-0.307467	0.950507	0.474203	0.15748	-0.47415	
1274188839298	-7	268	-950	29372	29757	29756	 	 	 	 	 	 	 	 	 	 	 	 	
1274188839303	-3	260	-944	29390	29940	29788	 	 	 	 	 	 	 	 	 	 	 	 	
1274188839308	-7	261	-943	29379	29734	29863	 	 	 	 	 	 	 	 	 	 	 	 	
1274188839313	0	260	-948	29389	29886	29828	 	 	 	 	 	 	 	 	 	 	 	 	
1274188839318	-2	260	-948	29369	29761	29817	 	 	 	 	 	 	 	 	 	 	 	 	
1274188839323	-5	252	-950	29390	29956	29832	 	 	 	 	 	 	 	 	 	 	 	 	
1274188839327	 	 	 	 	 	 	0.998849	0.00498592	0.0477107	-0.0187357	0.956137	0.292322	-0.0441605	-0.292879	0.955129	0.469048	0.157546	-0.475139	
1274188839328	-5	250	-953	29383	29678	29871	 	 	 	 	 	 	 	 	 	 	 	 	
1274188839333	-3	248	-954	29342	29753	29816	 	 	 	 	 	 	 	 	 	 	 	 	
1274188839338	2	248	-954	29342	29881	29832	 	 	 	 	 	 	 	 	 	 	 	 	
1274188839343	5	243	-957	29376	29956	29832	 	 	 	 	 	 	 	 	 	 	 	 	
1274188839348	1	238	-964	29351	29695	29862	 	 	 	 	 	 	 	 	 	 	 	 	
1274188839353	0	241	-967	29347	29763	29859	 	 	 	 	 	 	 	 	 	 	 	 	
1274188839358	6	242	-966	29326	29976	29788	 	 	 	 	 	 	 	 	 	 	 	 	
1274188839360	 	 	 	 	 	 	0.998912	0.00222398	0.046585	-0.0153468	0.958909	0.2833	-0.0440408	-0.283706	0.957899	0.46311	0.154023	-0.473874	
1274188839363	2	241	-974	29368	29809	29817	 	 	 	 	 	 	 	 	 	 	 	 	
1274188839368	-2	237	-974	29303	29767	29831	 	 	 	 	 	 	 	 	 	 	 	 	
1274188839373	-1	237	-974	29305	29793	29811	 	 	 	 	 	 	 	 	 	 	 	 	
1274188839379	-2	236	-974	29332	29817	29816	 	 	 	 	 	 	 	 	 	 	 	 	
1274188839384	2	233	-972	29304	29811	29817	 	 	 	 	 	 	 	 	 	 	 	 	
1274188839389	4	231	-967	29245	29809	29816	 	 	 	 	 	 	 	 	 	 	 	 	
1274188839392	 	 	 	 	 	 	0.99904	0.000813786	0.0438042	-0.0125351	0.96334	0.267991	-0.0419802	-0.268282	0.962425	0.457244	0.152975	-0.474663	
1274188839394	8	230	-964	29267	29792	29815	 	 	 	 	 	 	 	 	 	 	 	 	
1274188839399	7	228	-966	29265	29799	29811	 	 	 	 	 	 	 	 	 	 	 	 	
1274188839404	12	224	-968	29259	29838	29830	 	 	 	 	 	 	 	 	 	 	 	 	
1274188839409	3	217	-970	29260	29775	29831	 	 	 	 	 	 	 	 	 	 	 	 	
1274188839414	4	214	-973	29183	29966	29836	 	 	 	 	 	 	 	 	 	 	 	 	
1274188839419	6	215	-973	29167	29980	29774	 	 	 	 	 	 	 	 	 	 	 	 	
1274188839424	8	210	-968	29212	30000	29756	 	 	 	 	 	 	 	 	 	 	 	 	
1274188839425	 	 	 	 	 	 	0.999704	0.0214121	-0.0115209	-0.0172113	0.957855	0.286736	0.017175	-0.286453	0.95794	0.479555	0.134441	-0.472763	
1274188839429	8	205	-971	29167	29966	29774	 	 	 	 	 	 	 	 	 	 	 	 	
1274188839434	4	211	-972	29171	29783	29857	 	 	 	 	 	 	 	 	 	 	 	 	
1274188839439	10	210	-970	29113	29811	29811	 	 	 	 	 	 	 	 	 	 	 	 	
1274188839444	13	203	-968	29148	30009	29756	 	 	 	 	 	 	 	 	 	 	 	 	
1274188839449	13	200	-970	29113	29808	29811	 	 	 	 	 	 	 	 	 	 	 	 	
1274188839454	15	196	-972	29137	29795	29811	 	 	 	 	 	 	 	 	 	 	 	 	
1274188839458	 	 	 	 	 	 	0.999681	0.0232897	0.00981587	-0.0252106	0.946337	0.322198	-0.00178522	-0.322342	0.946621	0.464264	0.105305	-0.473859	
1274188839459	16	194	-971	29127	29902	29831	 	 	 	 	 	 	 	 	 	 	 	 	
1274188839464	14	187	-970	29112	29811	29817	 	 	 	 	 	 	 	 	 	 	 	 	
1274188839469	13	180	-970	29102	29799	29825	 	 	 	 	 	 	 	 	 	 	 	 	
1274188839474	17	174	-967	29089	29783	29827	 	 	 	 	 	 	 	 	 	 	 	 	
1274188839479	15	173	-966	29084	29817	29753	 	 	 	 	 	 	 	 	 	 	 	 	
1274188839484	13	166	-972	29043	29795	29811	 	 	 	 	 	 	 	 	 	 	 	 	
1274188839489	13	163	-968	29043	29799	29811	 	 	 	 	 	 	 	 	 	 	 	 	
1274188839491	 	 	 	 	 	 	0.990401	-0.0307897	0.134754	-0.0072224	0.962017	0.272892	-0.138038	-0.271246	0.95256	0.389259	0.115745	-0.479958	
1274188839494	18	158	-970	29039	29774	29807	 	 	 	 	 	 	 	 	 	 	 	 	
1274188839499	20	155	-977	29040	29775	29799	 	 	 	 	 	 	 	 	 	 	 	 	
1274188839504	16	148	-987	29007	30009	29724	 	 	 	 	 	 	 	 	 	 	 	 	
1274188839509	13	143	-992	28985	29980	29793	 	 	 	 	 	 	 	 	 	 	 	 	
1274188839515	14	142	-1001	28999	29775	29815	 	 	 	 	 	 	 	 	 	 	 	 	
1274188839520	15	141	-1006	28992	29799	29815	 	 	 	 	 	 	 	 	 	 	 	 	
1274188839523	 	 	 	 	 	 	0.999953	0.00856043	0.0045778	-0.00921533	0.985334	0.170391	-0.00305204	-0.170425	0.985366	0.445655	0.151196	-0.472032	
1274188839525	13	137	-1005	28978	29774	29807	 	 	 	 	 	 	 	 	 	 	 	 	
1274188839530	8	138	-1001	28984	29811	29817	 	 	 	 	 	 	 	 	 	 	 	 	
1274188839535	6	137	-1000	28976	29811	29811	 	 	 	 	 	 	 	 	 	 	 	 	
1274188839540	11	134	-996	28956	29817	29756	 	 	 	 	 	 	 	 	 	 	 	 	
1274188839545	13	132	-993	28921	29809	29811	 	 	 	 	 	 	 	 	 	 	 	 	
1274188839550	12	128	-992	28942	29980	29774	 	 	 	 	 	 	 	 	 	 	 	 	
1274188839555	13	121	-987	28956	29823	29756	 	 	 	 	 	 	 	 	 	 	 	 	
1274188839556	 	 	 	 	 	 	0.999058	0.00615174	0.0429592	-0.012906	0.987231	0.15877	-0.041434	-0.159175	0.986381	0.419557	0.1405	-0.474541	
1274188839560	16	118	-983	28933	29902	29832	 	 	 	 	 	 	 	 	 	 	 	 	
1274188839565	16	113	-980	28919	29775	29827	 	 	 	 	 	 	 	 	 	 	 	 	
1274188839570	13	106	-974	28956	29817	29816	 	 	 	 	 	 	 	 	 	 	 	 	
1274188839575	12	100	-977	28915	29811	29811	 	 	 	 	 	 	 	 	 	 	 	 	
1274188839580	12	93	-980	28879	29982	29774	 	 	 	 	 	 	 	 	 	 	 	 	
1274188839585	14	85	-978	28942	30012	29724	 	 	 	 	 	 	 	 	 	 	 	 	
1274188839588	 	 	 	 	 	 	0.835394	0.0493996	0.547428	0.0606146	0.981599	-0.181079	-0.5463	0.184454	0.817027	0.158117	0.294244	-0.426141	
1274188839590	11	78	-982	28919	29799	29830	 	 	 	 	 	 	 	 	 	 	 	 	
1274188839595	17	76	-990	28930	29980	29726	 	 	 	 	 	 	 	 	 	 	 	 	
1274188839600	11	70	-994	28934	29980	29758	 	 	 	 	 	 	 	 	 	 	 	 	
1274188839605	14	63	-995	28952	29976	29724	 	 	 	 	 	 	 	 	 	 	 	 	
1274188839610	14	61	-997	28911	29966	29824	 	 	 	 	 	 	 	 	 	 	 	 	
1274188839615	14	60	-996	28915	29799	29815	 	 	 	 	 	 	 	 	 	 	 	 	
1274188839620	14	55	-994	28915	29815	29811	 	 	 	 	 	 	 	 	 	 	 	 	
1274188839622	 	 	 	 	 	 	0.864328	0.0593549	0.499414	0.206007	0.8641	-0.45923	-0.458802	0.499808	0.734638	0.182975	0.403116	-0.334925	
1274188839625	17	51	-995	28944	29817	29753	 	 	 	 	 	 	 	 	 	 	 	 	
1274188839630	15	46	-993	28956	29880	29756	 	 	 	 	 	 	 	 	 	 	 	 	
1274188839635	15	44	-992	28956	29817	29757	 	 	 	 	 	 	 	 	 	 	 	 	
1274188839640	25	43	-988	28911	29966	29838	 	 	 	 	 	 	 	 	 	 	 	 	
1274188839645	28	36	-984	28915	29811	29831	 	 	 	 	 	 	 	 	 	 	 	 	
1274188839650	31	33	-980	28936	29980	29774	 	 	 	 	 	 	 	 	 	 	 	 	
1274188839654	 	 	 	 	 	 	0.863033	0.105596	0.493988	0.236568	0.779553	-0.579942	-0.446329	0.617371	0.647799	0.196355	0.401935	-0.246182	
1274188839655	28	25	-983	28956	30009	29756	 	 	 	 	 	 	 	 	 	 	 	 	
1274188839660	27	18	-983	28942	29980	29758	 	 	 	 	 	 	 	 	 	 	 	 	
1274188839665	31	12	-984	28915	29815	29843	 	 	 	 	 	 	 	 	 	 	 	 	
1274188839670	26	8	-984	28943	29956	29839	 	 	 	 	 	 	 	 	 	 	 	 	
1274188839675	26	3	-990	28915	30012	29859	 	 	 	 	 	 	 	 	 	 	 	 	
1274188839680	31	-2	-994	28960	29775	29871	 	 	 	 	 	 	 	 	 	 	 	 	
1274188839685	34	-6	-994	28919	29799	29863	 	 	 	 	 	 	 	 	 	 	 	 	
1274188839687	 	 	 	 	 	 	0.992543	0.121857	-0.00312783	-0.104946	0.867292	0.486612	0.06201	-0.482655	0.873613	0.418315	-0.0902932	-0.427784	
1274188839690	30	-10	-991	28979	29811	29875	 	 	 	 	 	 	 	 	 	 	 	 	
1274188839695	32	-11	-994	28985	29811	29823	 	 	 	 	 	 	 	 	 	 	 	 	
1274188839700	33	-13	-996	28959	30008	29852	 	 	 	 	 	 	 	 	 	 	 	 	
1274188839705	37	-22	-995	28997	29775	29895	 	 	 	 	 	 	 	 	 	 	 	 	
1274188839710	38	-25	-994	28995	29792	29879	 	 	 	 	 	 	 	 	 	 	 	 	
1274188839715	42	-33	-1002	28999	29775	29894	 	 	 	 	 	 	 	 	 	 	 	 	
1274188839719	 	 	 	 	 	 	0.91746	0.0354512	0.396245	0.131	0.913551	-0.38505	-0.37564	0.405177	0.833502	0.208892	0.329457	-0.395783	
1274188839720	43	-35	-1000	28999	29775	29899	 	 	 	 	 	 	 	 	 	 	 	 	
1274188839725	38	-37	-1000	29020	29817	29852	 	 	 	 	 	 	 	 	 	 	 	 	
1274188839730	44	-38	-998	29025	29774	29903	 	 	 	 	 	 	 	 	 	 	 	 	
1274188839735	40	-42	-994	28989	29795	29905	 	 	 	 	 	 	 	 	 	 	 	 	
1274188839740	41	-42	-993	29043	29778	29907	 	 	 	 	 	 	 	 	 	 	 	 	
1274188839745	42	-43	-990	29043	29817	29923	 	 	 	 	 	 	 	 	 	 	 	 	
1274188839750	44	-45	-987	29041	29793	29921	 	 	 	 	 	 	 	 	 	 	 	 	
1274188839752	 	 	 	 	 	 	0.987541	0.155538	-0.023883	-0.11298	0.806455	0.580402	0.109535	-0.570473	0.81398	0.408789	-0.147362	-0.364662	
1274188839755	43	-48	-984	29070	29980	29852	 	 	 	 	 	 	 	 	 	 	 	 	
1274188839760	42	-48	-985	29049	29809	29921	 	 	 	 	 	 	 	 	 	 	 	 	
1274188839766	48	-51	-985	29071	29960	29838	 	 	 	 	 	 	 	 	 	 	 	 	
1274188839771	47	-60	-984	29051	29795	29920	 	 	 	 	 	 	 	 	 	 	 	 	
1274188839776	45	-67	-990	29107	29821	29921	 	 	 	 	 	 	 	 	 	 	 	 	
1274188839781	50	-77	-1001	29111	29811	29922	 	 	 	 	 	 	 	 	 	 	 	 	
1274188839784	 	 	 	 	 	 	0.9991	-0.00921637	0.0413945	0.011345	0.998609	-0.0514852	-0.0408624	0.0519085	0.997815	0.375627	0.133558	-0.478434	
1274188839786	52	-80	-1005	29134	29980	29852	 	 	 	 	 	 	 	 	 	 	 	 	
1274188839791	54	-84	-1008	29134	29980	29854	 	 	 	 	 	 	 	 	 	 	 	 	
1274188839796	55	-85	-1013	29139	29799	29923	 	 	 	 	 	 	 	 	 	 	 	 	
1274188839801	58	-85	-1018	29135	29775	29935	 	 	 	 	 	 	 	 	 	 	 	 	
1274188839806	54	-91	-1015	29154	29775	29939	 	 	 	 	 	 	 	 	 	 	 	 	
1274188839811	48	-94	-1016	29196	29881	29852	 	 	 	 	 	 	 	 	 	 	 	 	
1274188839816	50	-94	-1013	29134	29980	29902	 	 	 	 	 	 	 	 	 	 	 	 	
1274188839817	 	 	 	 	 	 	0.862697	0.13862	0.486351	0.112615	0.884896	-0.451971	-0.493022	0.444685	0.747786	0.152878	0.314745	-0.370435	
1274188839821	48	-95	-1006	29200	29811	29937	 	 	 	 	 	 	 	 	 	 	 	 	
1274188839826	47	-98	-1004	29212	30008	29852	 	 	 	 	 	 	 	 	 	 	 	 	
1274188839831	43	-101	-996	29167	29960	29902	 	 	 	 	 	 	 	 	 	 	 	 	
1274188839836	47	-104	-993	29214	30008	29854	 	 	 	 	 	 	 	 	 	 	 	 	
1274188839841	46	-106	-986	29183	29768	29935	 	 	 	 	 	 	 	 	 	 	 	 	
1274188839846	45	-107	-985	29223	29775	29939	 	 	 	 	 	 	 	 	 	 	 	 	
1274188839849	 	 	 	 	 	 	0.860658	0.151838	0.486018	0.116312	0.870642	-0.477968	-0.495722	0.467897	0.731664	0.149643	0.316079	-0.365104	
1274188839851	43	-111	-981	29241	29808	29936	 	 	 	 	 	 	 	 	 	 	 	 	
1274188839856	43	-118	-975	29248	29902	29902	 	 	 	 	 	 	 	 	 	 	 	 	
1274188839861	42	-128	-978	29244	29817	29881	 	 	 	 	 	 	 	 	 	 	 	 	
1274188839866	34	-130	-975	29267	29771	29927	 	 	 	 	 	 	 	 	 	 	 	 	
1274188839871	34	-134	-982	29262	29980	29852	 	 	 	 	 	 	 	 	 	 	 	 	
1274188839876	37	-138	-990	29278	30008	29852	 	 	 	 	 	 	 	 	 	 	 	 	
1274188839881	40	-134	-996	29276	30009	29852	 	 	 	 	 	 	 	 	 	 	 	 	
1274188839883	 	 	 	 	 	 	0.864432	0.135269	0.48421	0.122725	0.877213	-0.464151	-0.48754	0.460652	0.74169	0.146891	0.298727	-0.372321	
1274188839886	36	-132	-995	29287	29766	29943	 	 	 	 	 	 	 	 	 	 	 	 	
1274188839891	35	-136	-997	29304	29795	29939	 	 	 	 	 	 	 	 	 	 	 	 	
1274188839896	37	-141	-1000	29299	29779	29943	 	 	 	 	 	 	 	 	 	 	 	 	
1274188839901	35	-144	-1000	29303	29766	29991	 	 	 	 	 	 	 	 	 	 	 	 	
1274188839906	35	-146	-996	29303	29743	29999	 	 	 	 	 	 	 	 	 	 	 	 	
