unix_timestamp	Accel._X	Accel._Y	Accel._Z	Gyro_Phi	Gyro_Psi	Gyro_Theta	vis._rot_r1	vis._rot_r2	vis._rot_r3	vis._rot_r4	vis._rot_r5	vis._rot_r6	vis._rot_r7	vis._rot_r8	vis._rot_r9	vis._x	vis._y	vis._z	
1274188872717	1	-20	-1001	29753	29819	29881	 	 	 	 	 	 	 	 	 	 	 	 	
1274188872722	2	-20	-998	29774	30012	29836	 	 	 	 	 	 	 	 	 	 	 	 	
1274188872727	1	-18	-1002	29775	29966	29839	 	 	 	 	 	 	 	 	 	 	 	 	
1274188872732	0	-20	-1003	29763	29847	29879	 	 	 	 	 	 	 	 	 	 	 	 	
1274188872734	 	 	 	 	 	 	0.999185	-0.0368045	0.0165882	0.0371102	0.99914	-0.0185085	-0.0158927	0.019109	0.999691	0.17681	0.166112	-0.0914889	
1274188872737	2	-18	-1001	29775	29960	29871	 	 	 	 	 	 	 	 	 	 	 	 	
1274188872742	1	-17	-1002	29757	29873	29881	 	 	 	 	 	 	 	 	 	 	 	 	
1274188872747	0	-18	-1001	29774	30012	29848	 	 	 	 	 	 	 	 	 	 	 	 	
1274188872752	2	-18	-1000	29753	29823	29881	 	 	 	 	 	 	 	 	 	 	 	 	
1274188872757	2	-21	-1002	29767	29829	29871	 	 	 	 	 	 	 	 	 	 	 	 	
1274188872762	1	-21	-1002	29777	29830	29891	 	 	 	 	 	 	 	 	 	 	 	 	
1274188872766	 	 	 	 	 	 	0.999217	-0.0362976	0.0157222	0.0366238	0.999109	-0.0209843	-0.0149465	0.0215437	0.999656	0.176914	0.166353	-0.0914075	
1274188872767	1	-20	-1001	29763	29839	29879	 	 	 	 	 	 	 	 	 	 	 	 	
1274188872772	0	-20	-1002	29776	29859	29819	 	 	 	 	 	 	 	 	 	 	 	 	
1274188872777	-1	-21	-1001	29756	30009	29840	 	 	 	 	 	 	 	 	 	 	 	 	
1274188872782	1	-22	-998	29757	29873	29821	 	 	 	 	 	 	 	 	 	 	 	 	
1274188872787	2	-18	-1001	29772	29774	29871	 	 	 	 	 	 	 	 	 	 	 	 	
1274188872792	1	-18	-1000	29758	30013	29848	 	 	 	 	 	 	 	 	 	 	 	 	
1274188872798	0	-21	-997	29767	29829	29871	 	 	 	 	 	 	 	 	 	 	 	 	
1274188872799	 	 	 	 	 	 	0.999202	-0.0365074	0.0162037	0.0368327	0.999116	-0.0202485	-0.0154502	0.0208291	0.999664	0.176859	0.166284	-0.0914139	
1274188872803	-1	-20	-1001	29776	29843	29888	 	 	 	 	 	 	 	 	 	 	 	 	
1274188872808	-2	-21	-1002	29775	29982	29838	 	 	 	 	 	 	 	 	 	 	 	 	
1274188872813	0	-20	-1001	29779	29843	29875	 	 	 	 	 	 	 	 	 	 	 	 	
1274188872818	1	-20	-1001	29772	29982	29838	 	 	 	 	 	 	 	 	 	 	 	 	
1274188872823	0	-17	-1004	29753	29823	29881	 	 	 	 	 	 	 	 	 	 	 	 	
1274188872828	1	-18	-1000	29775	29774	29871	 	 	 	 	 	 	 	 	 	 	 	 	
1274188872831	 	 	 	 	 	 	0.999231	-0.036543	0.0142379	0.036846	0.999087	-0.021638	-0.0134342	0.022146	0.999664	0.17705	0.166411	-0.0914495	
1274188872833	0	-20	-1003	29756	29881	29820	 	 	 	 	 	 	 	 	 	 	 	 	
1274188872838	-1	-18	-998	29774	29982	29838	 	 	 	 	 	 	 	 	 	 	 	 	
1274188872843	3	-21	-1003	29753	29819	29821	 	 	 	 	 	 	 	 	 	 	 	 	
1274188872848	3	-20	-1001	29753	29819	29823	 	 	 	 	 	 	 	 	 	 	 	 	
1274188872853	2	-18	-1002	29777	29847	29875	 	 	 	 	 	 	 	 	 	 	 	 	
1274188872858	0	-20	-1000	29758	30012	29836	 	 	 	 	 	 	 	 	 	 	 	 	
1274188872863	0	-21	-1001	29777	29857	29819	 	 	 	 	 	 	 	 	 	 	 	 	
1274188872864	 	 	 	 	 	 	0.999187	-0.0368983	0.0162201	0.037197	0.999136	-0.018514	-0.0155229	0.0191023	0.999697	0.17685	0.16611	-0.0914916	
1274188872868	-2	-22	-998	29774	30012	29836	 	 	 	 	 	 	 	 	 	 	 	 	
1274188872873	0	-20	-1000	29771	29775	29871	 	 	 	 	 	 	 	 	 	 	 	 	
1274188872878	1	-17	-1002	29753	29859	29819	 	 	 	 	 	 	 	 	 	 	 	 	
1274188872883	1	-18	-1001	29775	30016	29838	 	 	 	 	 	 	 	 	 	 	 	 	
1274188872888	1	-20	-1001	29775	29828	29890	 	 	 	 	 	 	 	 	 	 	 	 	
1274188872893	0	-21	-1000	29758	29881	29817	 	 	 	 	 	 	 	 	 	 	 	 	
1274188872896	 	 	 	 	 	 	0.999215	-0.0363932	0.0156569	0.0367118	0.999114	-0.0205707	-0.0148944	0.0211294	0.999666	0.176918	0.166312	-0.0914362	
1274188872898	2	-20	-998	29779	30012	29836	 	 	 	 	 	 	 	 	 	 	 	 	
1274188872903	0	-20	-998	29777	29859	29875	 	 	 	 	 	 	 	 	 	 	 	 	
1274188872908	0	-20	-1000	29795	29831	29871	 	 	 	 	 	 	 	 	 	 	 	 	
1274188872913	-2	-17	-1000	29753	29859	29875	 	 	 	 	 	 	 	 	 	 	 	 	
1274188872918	0	-18	-1000	29777	29847	29875	 	 	 	 	 	 	 	 	 	 	 	 	
1274188872923	-2	-18	-996	29775	29982	29838	 	 	 	 	 	 	 	 	 	 	 	 	
1274188872928	0	-17	-1001	29788	30013	29840	 	 	 	 	 	 	 	 	 	 	 	 	
1274188872930	 	 	 	 	 	 	0.999208	-0.0365893	0.0156447	0.0369086	0.999106	-0.0206339	-0.0148758	0.021195	0.999665	0.176921	0.16632	-0.0913829	
1274188872933	1	-18	-1001	29774	30012	29844	 	 	 	 	 	 	 	 	 	 	 	 	
1274188872938	-2	-17	-1001	29779	30012	29819	 	 	 	 	 	 	 	 	 	 	 	 	
1274188872943	2	-18	-1003	29758	29881	29820	 	 	 	 	 	 	 	 	 	 	 	 	
1274188872948	2	-18	-1004	29779	29843	29879	 	 	 	 	 	 	 	 	 	 	 	 	
1274188872953	1	-18	-1001	29779	29843	29873	 	 	 	 	 	 	 	 	 	 	 	 	
1274188872958	-2	-17	-1002	29774	30012	29838	 	 	 	 	 	 	 	 	 	 	 	 	
1274188872962	 	 	 	 	 	 	0.999193	-0.0368727	0.0159414	0.0371692	0.999134	-0.018717	-0.0152374	0.0192944	0.999698	0.176883	0.166135	-0.0914772	
1274188872963	1	-20	-1003	29793	29831	29879	 	 	 	 	 	 	 	 	 	 	 	 	
1274188872968	-2	-20	-998	29758	29881	29816	 	 	 	 	 	 	 	 	 	 	 	 	
1274188872973	-2	-16	-1001	29774	29982	29838	 	 	 	 	 	 	 	 	 	 	 	 	
1274188872978	2	-20	-1000	29758	29823	29880	 	 	 	 	 	 	 	 	 	 	 	 	
1274188872983	1	-21	-1000	29775	29966	29839	 	 	 	 	 	 	 	 	 	 	 	 	
1274188872988	0	-21	-1002	29774	29982	29838	 	 	 	 	 	 	 	 	 	 	 	 	
1274188872993	-1	-20	-1003	29792	29847	29879	 	 	 	 	 	 	 	 	 	 	 	 	
1274188872995	 	 	 	 	 	 	0.999192	-0.036933	0.0158299	0.0372204	0.99914	-0.0182647	-0.0151417	0.0188392	0.999708	0.176895	0.166086	-0.0914766	
1274188872998	-1	-21	-1004	29775	29982	29838	 	 	 	 	 	 	 	 	 	 	 	 	
1274188873003	1	-21	-1001	29753	29857	29873	 	 	 	 	 	 	 	 	 	 	 	 	
1274188873008	2	-20	-1000	29759	29823	29881	 	 	 	 	 	 	 	 	 	 	 	 	
1274188873014	2	-20	-998	29775	29827	29871	 	 	 	 	 	 	 	 	 	 	 	 	
1274188873019	1	-22	-1000	29779	29843	29875	 	 	 	 	 	 	 	 	 	 	 	 	
1274188873024	1	-21	-1000	29783	29807	29888	 	 	 	 	 	 	 	 	 	 	 	 	
1274188873027	 	 	 	 	 	 	0.999224	-0.0363542	0.0151675	0.0366419	0.999145	-0.0191468	-0.0144584	0.0196877	0.999702	0.176949	0.166175	-0.0914876	
1274188873029	2	-20	-1002	29775	29966	29890	 	 	 	 	 	 	 	 	 	 	 	 	
1274188873034	0	-20	-1001	29820	29881	29880	 	 	 	 	 	 	 	 	 	 	 	 	
1274188873039	1	-22	-1001	29774	30012	29836	 	 	 	 	 	 	 	 	 	 	 	 	
1274188873044	1	-21	-1002	29783	29831	29879	 	 	 	 	 	 	 	 	 	 	 	 	
1274188873049	2	-20	-1001	29782	29827	29871	 	 	 	 	 	 	 	 	 	 	 	 	
1274188873054	-1	-20	-998	29793	29856	29875	 	 	 	 	 	 	 	 	 	 	 	 	
1274188873059	-1	-17	-998	29775	29982	29838	 	 	 	 	 	 	 	 	 	 	 	 	
1274188873060	 	 	 	 	 	 	0.999233	-0.0360893	0.0151677	0.0363911	0.999135	-0.0201176	-0.0144286	0.0206541	0.999683	0.176966	0.166276	-0.0913889	
1274188873064	1	-17	-1000	29775	29982	29838	 	 	 	 	 	 	 	 	 	 	 	 	
1274188873069	-1	-18	-1001	29783	29831	29879	 	 	 	 	 	 	 	 	 	 	 	 	
1274188873074	2	-18	-1001	29756	29881	29817	 	 	 	 	 	 	 	 	 	 	 	 	
1274188873079	2	-22	-1003	29774	29982	29838	 	 	 	 	 	 	 	 	 	 	 	 	
1274188873084	0	-21	-1002	29777	29859	29875	 	 	 	 	 	 	 	 	 	 	 	 	
1274188873089	1	-18	-1003	29793	29842	29875	 	 	 	 	 	 	 	 	 	 	 	 	
1274188873092	 	 	 	 	 	 	0.999187	-0.0368161	0.0164104	0.0371361	0.999117	-0.0196454	-0.0156727	0.0202389	0.999672	0.176833	0.166219	-0.0914714	
1274188873094	2	-21	-996	29759	29819	29880	 	 	 	 	 	 	 	 	 	 	 	 	
1274188873099	1	-18	-1001	29753	29859	29873	 	 	 	 	 	 	 	 	 	 	 	 	
1274188873104	-3	-21	-998	29779	29831	29879	 	 	 	 	 	 	 	 	 	 	 	 	
1274188873109	1	-20	-998	29816	29823	29881	 	 	 	 	 	 	 	 	 	 	 	 	
1274188873114	-2	-21	-1001	29777	30012	29836	 	 	 	 	 	 	 	 	 	 	 	 	
1274188873119	0	-20	-1000	29775	29966	29871	 	 	 	 	 	 	 	 	 	 	 	 	
1274188873124	1	-18	-1002	29775	29775	29888	 	 	 	 	 	 	 	 	 	 	 	 	
1274188873126	 	 	 	 	 	 	0.9992	-0.0368752	0.015494	0.037182	0.999108	-0.0200014	-0.0147426	0.0205615	0.99968	0.176926	0.166249	-0.0914701	
1274188873129	0	-18	-997	29775	29836	29871	 	 	 	 	 	 	 	 	 	 	 	 	
1274188873134	0	-18	-996	29785	29859	29823	 	 	 	 	 	 	 	 	 	 	 	 	
1274188873139	2	-21	-997	29774	30012	29836	 	 	 	 	 	 	 	 	 	 	 	 	
1274188873144	3	-18	-998	29775	29966	29839	 	 	 	 	 	 	 	 	 	 	 	 	
1274188873149	-1	-17	-1000	29775	29966	29839	 	 	 	 	 	 	 	 	 	 	 	 	
1274188873154	-1	-21	-997	29775	29966	29888	 	 	 	 	 	 	 	 	 	 	 	 	
1274188873158	 	 	 	 	 	 	0.999205	-0.0365729	0.0158552	0.0368869	0.99912	-0.019987	-0.0151103	0.020556	0.999674	0.176893	0.166258	-0.0914044	
1274188873159	0	-20	-1000	29774	29982	29838	 	 	 	 	 	 	 	 	 	 	 	 	
1274188873164	0	-18	-1000	29758	30013	29844	 	 	 	 	 	 	 	 	 	 	 	 	
1274188873169	3	-20	-1001	29774	30012	29836	 	 	 	 	 	 	 	 	 	 	 	 	
1274188873174	1	-20	-997	29753	29819	29881	 	 	 	 	 	 	 	 	 	 	 	 	
1274188873179	1	-20	-1002	29777	29843	29875	 	 	 	 	 	 	 	 	 	 	 	 	
1274188873184	0	-20	-1000	29783	29825	29871	 	 	 	 	 	 	 	 	 	 	 	 	
1274188873189	-1	-18	-1000	29774	30012	29838	 	 	 	 	 	 	 	 	 	 	 	 	
1274188873191	 	 	 	 	 	 	0.999221	-0.0362958	0.0154835	0.0366055	0.999125	-0.02021	-0.0147364	0.0207611	0.999676	0.17693	0.166278	-0.0914329	
1274188873194	-2	-20	-1002	29779	29838	29879	 	 	 	 	 	 	 	 	 	 	 	 	
1274188873200	4	-22	-1000	29779	29836	29879	 	 	 	 	 	 	 	 	 	 	 	 	
1274188873205	0	-18	-1005	29779	29807	29871	 	 	 	 	 	 	 	 	 	 	 	 	
1274188873210	1	-17	-1002	29816	29875	29880	 	 	 	 	 	 	 	 	 	 	 	 	
1274188873215	-3	-18	-997	29788	30072	29848	 	 	 	 	 	 	 	 	 	 	 	 	
1274188873220	-5	-20	-1000	29779	29829	29888	 	 	 	 	 	 	 	 	 	 	 	 	
1274188873223	 	 	 	 	 	 	0.999208	-0.036654	0.0154794	0.0369395	0.999145	-0.0185791	-0.0147851	0.0191362	0.999708	0.176934	0.166126	-0.0914585	
1274188873225	-5	-20	-1002	29788	29819	29823	 	 	 	 	 	 	 	 	 	 	 	 	
1274188873230	1	-18	-1003	29766	29983	29838	 	 	 	 	 	 	 	 	 	 	 	 	
1274188873235	-3	-18	-1003	29774	30012	29836	 	 	 	 	 	 	 	 	 	 	 	 	
1274188873240	-1	-20	-1002	29788	29881	29820	 	 	 	 	 	 	 	 	 	 	 	 	
1274188873245	2	-18	-1002	29774	29966	29888	 	 	 	 	 	 	 	 	 	 	 	 	
1274188873250	3	-20	-1000	29783	29833	29879	 	 	 	 	 	 	 	 	 	 	 	 	
1274188873255	2	-18	-1000	29774	29982	29838	 	 	 	 	 	 	 	 	 	 	 	 	
1274188873256	 	 	 	 	 	 	0.999207	-0.0368079	0.0151802	0.0371121	0.999106	-0.0202666	-0.0144206	0.0208139	0.999679	0.17696	0.166279	-0.0914646	
1274188873260	2	-18	-998	29788	30000	29848	 	 	 	 	 	 	 	 	 	 	 	 	
1274188873265	2	-18	-1000	29756	29873	29821	 	 	 	 	 	 	 	 	 	 	 	 	
1274188873270	1	-20	-1001	29779	29847	29875	 	 	 	 	 	 	 	 	 	 	 	 	
1274188873275	1	-20	-1001	29775	29775	29871	 	 	 	 	 	 	 	 	 	 	 	 	
1274188873280	0	-18	-1002	29753	29815	29823	 	 	 	 	 	 	 	 	 	 	 	 	
1274188873285	2	-18	-1003	29777	30012	29838	 	 	 	 	 	 	 	 	 	 	 	 	
1274188873288	 	 	 	 	 	 	0.999209	-0.0366812	0.0153798	0.0369723	0.999134	-0.0190873	-0.0146663	0.0196408	0.9997	0.17694	0.166175	-0.0914204	
1274188873290	2	-18	-1001	29756	30013	29840	 	 	 	 	 	 	 	 	 	 	 	 	
1274188873295	3	-20	-998	29779	29858	29875	 	 	 	 	 	 	 	 	 	 	 	 	
1274188873300	4	-18	-1000	29758	29881	29820	 	 	 	 	 	 	 	 	 	 	 	 	
1274188873305	6	-16	-1001	29779	29847	29875	 	 	 	 	 	 	 	 	 	 	 	 	
1274188873310	-1	-17	-1002	29774	30012	29848	 	 	 	 	 	 	 	 	 	 	 	 	
1274188873315	0	-17	-1001	29756	29881	29817	 	 	 	 	 	 	 	 	 	 	 	 	
1274188873320	2	-20	-1002	29776	29857	29875	 	 	 	 	 	 	 	 	 	 	 	 	
1274188873322	 	 	 	 	 	 	0.999218	-0.0366786	0.0147973	0.0369653	0.999124	-0.0195944	-0.0140657	0.0201261	0.999699	0.176994	0.166215	-0.0914579	
1274188873325	1	-16	-1001	29757	29823	29881	 	 	 	 	 	 	 	 	 	 	 	 	
1274188873330	1	-21	-997	29775	29966	29871	 	 	 	 	 	 	 	 	 	 	 	 	
1274188873335	0	-18	-998	29779	29828	29879	 	 	 	 	 	 	 	 	 	 	 	 	
1274188873340	-2	-21	-997	29756	29881	29816	 	 	 	 	 	 	 	 	 	 	 	 	
1274188873345	0	-18	-1002	29775	29966	29839	 	 	 	 	 	 	 	 	 	 	 	 	
1274188873350	0	-20	-1000	29758	30072	29840	 	 	 	 	 	 	 	 	 	 	 	 	
1274188873354	 	 	 	 	 	 	0.999202	-0.0365872	0.0160281	0.036866	0.999168	-0.0174609	-0.0153759	0.0180378	0.999719	0.176871	0.166015	-0.0914919	
1274188873355	0	-23	-1001	29756	29881	29880	 	 	 	 	 	 	 	 	 	 	 	 	
1274188873361	1	-18	-1000	29779	29828	29875	 	 	 	 	 	 	 	 	 	 	 	 	
1274188873366	0	-20	-1000	29790	30072	29836	 	 	 	 	 	 	 	 	 	 	 	 	
1274188873371	0	-18	-1002	29758	29881	29820	 	 	 	 	 	 	 	 	 	 	 	 	
1274188873376	2	-18	-1000	29774	30012	29852	 	 	 	 	 	 	 	 	 	 	 	 	
1274188873381	1	-17	-1001	29775	29982	29838	 	 	 	 	 	 	 	 	 	 	 	 	
1274188873386	-2	-20	-1000	29756	29881	29820	 	 	 	 	 	 	 	 	 	 	 	 	
1274188873387	 	 	 	 	 	 	0.999206	-0.0363642	0.0162647	0.0366706	0.999148	-0.0189519	-0.0155617	0.0195333	0.999688	0.176856	0.166165	-0.0914162	
1274188873391	1	-18	-1002	29753	29811	29873	 	 	 	 	 	 	 	 	 	 	 	 	
1274188873396	0	-20	-1000	29788	30009	29836	 	 	 	 	 	 	 	 	 	 	 	 	
1274188873401	0	-20	-1000	29775	29831	29879	 	 	 	 	 	 	 	 	 	 	 	 	
1274188873406	0	-20	-1000	29779	29847	29875	 	 	 	 	 	 	 	 	 	 	 	 	
1274188873411	0	-17	-1003	29758	29881	29817	 	 	 	 	 	 	 	 	 	 	 	 	
1274188873416	0	-21	-1001	29779	29831	29888	 	 	 	 	 	 	 	 	 	 	 	 	
1274188873419	 	 	 	 	 	 	0.999208	-0.0363763	0.0161528	0.0367024	0.999119	-0.0203755	-0.0153974	0.0209522	0.999662	0.176867	0.166296	-0.0914158	
1274188873421	0	-21	-1001	29774	29966	29838	 	 	 	 	 	 	 	 	 	 	 	 	
1274188873426	0	-20	-998	29779	29847	29875	 	 	 	 	 	 	 	 	 	 	 	 	
1274188873431	1	-18	-1002	29779	29829	29879	 	 	 	 	 	 	 	 	 	 	 	 	
1274188873436	4	-18	-1000	29779	29847	29873	 	 	 	 	 	 	 	 	 	 	 	 	
1274188873441	1	-18	-1000	29758	29881	29820	 	 	 	 	 	 	 	 	 	 	 	 	
1274188873446	0	-20	-1002	29775	29824	29871	 	 	 	 	 	 	 	 	 	 	 	 	
1274188873451	1	-18	-1002	29775	29966	29839	 	 	 	 	 	 	 	 	 	 	 	 	
1274188873453	 	 	 	 	 	 	0.999201	-0.0366217	0.0160092	0.0369337	0.999124	-0.0196518	-0.0152755	0.0202273	0.999679	0.176885	0.166227	-0.0914135	
1274188873456	2	-22	-1004	29774	30012	29836	 	 	 	 	 	 	 	 	 	 	 	 	
1274188873461	3	-21	-1001	29779	29843	29823	 	 	 	 	 	 	 	 	 	 	 	 	
1274188873466	3	-20	-1000	29788	30009	29848	 	 	 	 	 	 	 	 	 	 	 	 	
1274188873471	3	-18	-1002	29753	29830	29875	 	 	 	 	 	 	 	 	 	 	 	 	
1274188873476	2	-20	-998	29775	29824	29871	 	 	 	 	 	 	 	 	 	 	 	 	
1274188873481	1	-18	-1002	29774	30012	29836	 	 	 	 	 	 	 	 	 	 	 	 	
1274188873485	 	 	 	 	 	 	0.999218	-0.0364951	0.0152182	0.0367824	0.999142	-0.0190477	-0.01451	0.0195925	0.999703	0.17695	0.166168	-0.091484	
1274188873486	-1	-21	-996	29779	29831	29879	 	 	 	 	 	 	 	 	 	 	 	 	
1274188873491	0	-20	-1000	29775	29982	29838	 	 	 	 	 	 	 	 	 	 	 	 	
1274188873496	4	-18	-995	29753	29823	29873	 	 	 	 	 	 	 	 	 	 	 	 	
1274188873501	6	-22	-1002	29757	29823	29873	 	 	 	 	 	 	 	 	 	 	 	 	
1274188873506	2	-21	-1001	29788	29857	29844	 	 	 	 	 	 	 	 	 	 	 	 	
1274188873511	0	-18	-1003	29753	29811	29823	 	 	 	 	 	 	 	 	 	 	 	 	
1274188873516	0	-18	-1002	29756	29881	29820	 	 	 	 	 	 	 	 	 	 	 	 	
1274188873518	 	 	 	 	 	 	0.999217	-0.0363595	0.0155955	0.0366669	0.999129	-0.019898	-0.0148585	0.0204542	0.99968	0.176922	0.166248	-0.0914006	
1274188873521	1	-20	-1002	29790	30012	29844	 	 	 	 	 	 	 	 	 	 	 	 	
1274188873526	1	-20	-996	29779	29843	29879	 	 	 	 	 	 	 	 	 	 	 	 	
1274188873531	-1	-20	-1000	29790	29881	29820	 	 	 	 	 	 	 	 	 	 	 	 	
1274188873536	3	-20	-998	29758	29881	29820	 	 	 	 	 	 	 	 	 	 	 	 	
1274188873541	1	-20	-1001	29774	30012	29844	 	 	 	 	 	 	 	 	 	 	 	 	
1274188873547	0	-20	-1000	29774	29811	29838	 	 	 	 	 	 	 	 	 	 	 	 	
1274188873550	 	 	 	 	 	 	0.999235	-0.0360033	0.0152963	0.0363384	0.999092	-0.0222229	-0.0144823	0.0227617	0.999636	0.176959	0.166474	-0.0913711	
1274188873552	0	-18	-1002	29775	30022	29838	 	 	 	 	 	 	 	 	 	 	 	 	
1274188873557	0	-17	-1003	29777	29843	29875	 	 	 	 	 	 	 	 	 	 	 	 	
1274188873562	1	-20	-1002	29774	29843	29875	 	 	 	 	 	 	 	 	 	 	 	 	
1274188873567	2	-20	-1000	29777	29831	29888	 	 	 	 	 	 	 	 	 	 	 	 	
1274188873572	3	-21	-998	29792	30012	29848	 	 	 	 	 	 	 	 	 	 	 	 	
1274188873577	2	-18	-1000	29767	29774	29871	 	 	 	 	 	 	 	 	 	 	 	 	
1274188873582	2	-21	-1000	29753	29873	29881	 	 	 	 	 	 	 	 	 	 	 	 	
1274188873583	 	 	 	 	 	 	0.999188	-0.0366592	0.0167273	0.0369453	0.99917	-0.01713	-0.0160854	0.0177341	0.999713	0.176801	0.165985	-0.0914613	
1274188873587	0	-21	-1001	29753	29811	29823	 	 	 	 	 	 	 	 	 	 	 	 	
1274188873592	1	-21	-1002	29756	30009	29840	 	 	 	 	 	 	 	 	 	 	 	 	
1274188873597	1	-18	-1000	29758	29831	29879	 	 	 	 	 	 	 	 	 	 	 	 	
1274188873602	1	-20	-998	29767	29881	29879	 	 	 	 	 	 	 	 	 	 	 	 	
1274188873607	-1	-18	-1003	29753	29811	29823	 	 	 	 	 	 	 	 	 	 	 	 	
1274188873612	0	-20	-1001	29772	29856	29875	 	 	 	 	 	 	 	 	 	 	 	 	
1274188873615	 	 	 	 	 	 	0.9992	-0.0367879	0.015702	0.0370827	0.999133	-0.018912	-0.0149926	0.0194791	0.999698	0.176909	0.166151	-0.0914612	
1274188873617	0	-18	-1001	29774	29982	29838	 	 	 	 	 	 	 	 	 	 	 	 	
1274188873622	-2	-18	-998	29753	29966	29819	 	 	 	 	 	 	 	 	 	 	 	 	
1274188873627	2	-18	-1000	29767	29826	29879	 	 	 	 	 	 	 	 	 	 	 	 	
1274188873632	4	-18	-1001	29770	29982	29828	 	 	 	 	 	 	 	 	 	 	 	 	
1274188873637	2	-21	-1003	29767	29835	29879	 	 	 	 	 	 	 	 	 	 	 	 	
1274188873642	2	-20	-1002	29763	29843	29875	 	 	 	 	 	 	 	 	 	 	 	 	
1274188873647	-1	-18	-1000	29756	29823	29881	 	 	 	 	 	 	 	 	 	 	 	 	
1274188873649	 	 	 	 	 	 	0.999206	-0.0367028	0.0155	0.0370071	0.999118	-0.0198277	-0.0147586	0.0203856	0.999683	0.176928	0.166236	-0.0914573	
1274188873652	1	-20	-1000	29756	30013	29840	 	 	 	 	 	 	 	 	 	 	 	 	
1274188873657	3	-18	-998	29753	29859	29875	 	 	 	 	 	 	 	 	 	 	 	 	
1274188873662	2	-20	-1001	29781	29828	29871	 	 	 	 	 	 	 	 	 	 	 	 	
1274188873667	3	-21	-1001	29753	29819	29823	 	 	 	 	 	 	 	 	 	 	 	 	
1274188873672	1	-21	-1001	29753	29875	29881	 	 	 	 	 	 	 	 	 	 	 	 	
1274188873677	-2	-20	-1001	29777	29831	29879	 	 	 	 	 	 	 	 	 	 	 	 	
1274188873681	 	 	 	 	 	 	0.999228	-0.0358558	0.0160738	0.0362152	0.999087	-0.0226539	-0.0152469	0.0232186	0.999614	0.176889	0.166524	-0.0913466	
1274188873682	0	-18	-998	29773	29966	29888	 	 	 	 	 	 	 	 	 	 	 	 	
1274188873687	-1	-20	-998	29769	29982	29838	 	 	 	 	 	 	 	 	 	 	 	 	
1274188873692	0	-20	-1000	29774	30012	29836	 	 	 	 	 	 	 	 	 	 	 	 	
1274188873701	-1	-20	-1002	29763	29841	29879	 	 	 	 	 	 	 	 	 	 	 	 	
1274188873706	1	-21	-1000	29753	29823	29881	 	 	 	 	 	 	 	 	 	 	 	 	
1274188873711	2	-21	-998	29774	29982	29838	 	 	 	 	 	 	 	 	 	 	 	 	
1274188873716	1	-17	-998	29774	29826	29871	 	 	 	 	 	 	 	 	 	 	 	 	
1274188873718	 	 	 	 	 	 	0.999198	-0.0366632	0.0160668	0.0369863	0.99911	-0.0202988	-0.0153082	0.0208768	0.999665	0.17687	0.166279	-0.0914566	
1274188873721	0	-21	-1000	29777	29856	29875	 	 	 	 	 	 	 	 	 	 	 	 	
1274188873726	-2	-22	-1001	29756	29881	29880	 	 	 	 	 	 	 	 	 	 	 	 	
1274188873731	2	-21	-1001	29758	29881	29820	 	 	 	 	 	 	 	 	 	 	 	 	
1274188873736	3	-18	-1000	29771	29834	29892	 	 	 	 	 	 	 	 	 	 	 	 	
1274188873741	2	-18	-1000	29756	29830	29878	 	 	 	 	 	 	 	 	 	 	 	 	
1274188873746	0	-21	-996	29774	29982	29838	 	 	 	 	 	 	 	 	 	 	 	 	
1274188873750	 	 	 	 	 	 	0.999201	-0.036725	0.0157825	0.0370514	0.999094	-0.020914	-0.0150002	0.021482	0.999657	0.176902	0.16635	-0.0914518	
1274188873751	0	-21	-1001	29756	29881	29816	 	 	 	 	 	 	 	 	 	 	 	 	
1274188873756	1	-21	-997	29774	30012	29836	 	 	 	 	 	 	 	 	 	 	 	 	
1274188873761	2	-20	-1000	29775	29966	29838	 	 	 	 	 	 	 	 	 	 	 	 	
1274188873766	-1	-20	-996	29775	29902	29871	 	 	 	 	 	 	 	 	 	 	 	 	
1274188873771	2	-18	-1001	29756	29881	29880	 	 	 	 	 	 	 	 	 	 	 	 	
1274188873776	1	-21	-1001	29763	29843	29879	 	 	 	 	 	 	 	 	 	 	 	 	
1274188873781	3	-20	-1002	29757	29960	29873	 	 	 	 	 	 	 	 	 	 	 	 	
1274188873783	 	 	 	 	 	 	0.999231	-0.0364984	0.014359	0.0368199	0.999062	-0.0228086	-0.013513	0.0233197	0.999637	0.177042	0.166527	-0.091426	
1274188873786	1	-20	-1002	29753	29859	29823	 	 	 	 	 	 	 	 	 	 	 	 	
1274188873791	1	-21	-1001	29777	29856	29875	 	 	 	 	 	 	 	 	 	 	 	 	
1274188873796	1	-18	-1001	29777	29856	29819	 	 	 	 	 	 	 	 	 	 	 	 	
1274188873801	2	-18	-1001	29753	29843	29823	 	 	 	 	 	 	 	 	 	 	 	 	
1274188873807	2	-21	-1000	29763	29839	29888	 	 	 	 	 	 	 	 	 	 	 	 	
1274188873812	2	-18	-1002	29758	30015	29844	 	 	 	 	 	 	 	 	 	 	 	 	
1274188873815	 	 	 	 	 	 	0.999203	-0.0368596	0.0153385	0.0371408	0.999139	-0.0184687	-0.0146446	0.0190237	0.999712	0.176936	0.166114	-0.0914946	
1274188873817	1	-18	-1002	29777	29841	29875	 	 	 	 	 	 	 	 	 	 	 	 	
1274188873822	2	-20	-1001	29777	29847	29875	 	 	 	 	 	 	 	 	 	 	 	 	
1274188873827	2	-20	-1001	29757	29982	29881	 	 	 	 	 	 	 	 	 	 	 	 	
1274188873832	-1	-18	-1002	29779	29831	29875	 	 	 	 	 	 	 	 	 	 	 	 	
1274188873837	-2	-20	-1003	29756	29881	29816	 	 	 	 	 	 	 	 	 	 	 	 	
1274188873842	0	-18	-1002	29756	29881	29820	 	 	 	 	 	 	 	 	 	 	 	 	
1274188873847	1	-22	-1004	29775	29982	29838	 	 	 	 	 	 	 	 	 	 	 	 	
1274188873848	 	 	 	 	 	 	0.999201	-0.0368763	0.0154197	0.0371685	0.999126	-0.0191156	-0.0147013	0.0196734	0.999698	0.176927	0.166167	-0.0914765	
1274188873852	3	-21	-998	29753	29811	29881	 	 	 	 	 	 	 	 	 	 	 	 	
1274188873857	1	-18	-1001	29756	29952	29832	 	 	 	 	 	 	 	 	 	 	 	 	
1274188873862	1	-18	-998	29753	29819	29880	 	 	 	 	 	 	 	 	 	 	 	 	
1274188873867	1	-18	-1002	29777	29847	29875	 	 	 	 	 	 	 	 	 	 	 	 	
1274188873872	0	-21	-998	29776	29859	29888	 	 	 	 	 	 	 	 	 	 	 	 	
1274188873877	3	-21	-1001	29772	29983	29838	 	 	 	 	 	 	 	 	 	 	 	 	
1274188873880	 	 	 	 	 	 	0.999219	-0.03655	0.0150076	0.0368504	0.999116	-0.0202532	-0.0142541	0.0207904	0.999682	0.176983	0.166283	-0.0913981	
1274188873882	3	-18	-998	29774	30012	29838	 	 	 	 	 	 	 	 	 	 	 	 	
1274188873887	1	-18	-1000	29776	29859	29875	 	 	 	 	 	 	 	 	 	 	 	 	
1274188873892	2	-20	-997	29767	29835	29888	 	 	 	 	 	 	 	 	 	 	 	 	
1274188873897	2	-20	-1001	29767	29831	29894	 	 	 	 	 	 	 	 	 	 	 	 	
1274188873902	3	-18	-1000	29777	29831	29879	 	 	 	 	 	 	 	 	 	 	 	 	
1274188873907	1	-20	-1004	29777	29847	29875	 	 	 	 	 	 	 	 	 	 	 	 	
1274188873912	1	-20	-1002	29763	29847	29875	 	 	 	 	 	 	 	 	 	 	 	 	
1274188873914	 	 	 	 	 	 	0.999212	-0.0364579	0.0156948	0.0367853	0.9991	-0.0211027	-0.0149113	0.0216634	0.999654	0.176916	0.166365	-0.0913998	
1274188873917	2	-20	-997	29767	30012	29838	 	 	 	 	 	 	 	 	 	 	 	 	
1274188873922	0	-20	-1000	29777	29859	29823	 	 	 	 	 	 	 	 	 	 	 	 	
1274188873927	3	-18	-1001	29777	29843	29823	 	 	 	 	 	 	 	 	 	 	 	 	
1274188873932	-3	-20	-1004	29766	29958	29889	 	 	 	 	 	 	 	 	 	 	 	 	
1274188873937	-2	-17	-1000	29753	29819	29817	 	 	 	 	 	 	 	 	 	 	 	 	
1274188873942	-1	-18	-1003	29757	29823	29881	 	 	 	 	 	 	 	 	 	 	 	 	
1274188873946	 	 	 	 	 	 	0.999203	-0.0362079	0.0167777	0.036552	0.999118	-0.0206786	-0.0160141	0.0212754	0.999645	0.176812	0.166332	-0.0913651	
1274188873947	2	-18	-1000	29753	29859	29823	 	 	 	 	 	 	 	 	 	 	 	 	
1274188873952	-1	-18	-1000	29756	29881	29820	 	 	 	 	 	 	 	 	 	 	 	 	
1274188873957	-1	-20	-1002	29774	30014	29844	 	 	 	 	 	 	 	 	 	 	 	 	
1274188873962	-1	-21	-1001	29775	29830	29871	 	 	 	 	 	 	 	 	 	 	 	 	
1274188873967	-2	-17	-1001	29756	29873	29821	 	 	 	 	 	 	 	 	 	 	 	 	
1274188873973	1	-20	-1001	29774	29829	29836	 	 	 	 	 	 	 	 	 	 	 	 	
1274188873978	1	-18	-1001	29777	29847	29875	 	 	 	 	 	 	 	 	 	 	 	 	
1274188873979	 	 	 	 	 	 	0.999214	-0.0363982	0.0157004	0.0367377	0.999085	-0.0219038	-0.0148888	0.0224634	0.999637	0.17691	0.166436	-0.0914165	
1274188873983	0	-20	-1001	29777	29843	29879	 	 	 	 	 	 	 	 	 	 	 	 	
1274188873988	1	-20	-1001	29767	29839	29879	 	 	 	 	 	 	 	 	 	 	 	 	
1274188873993	0	-21	-1000	29768	30012	29838	 	 	 	 	 	 	 	 	 	 	 	 	
1274188873998	0	-18	-1002	29774	30012	29836	 	 	 	 	 	 	 	 	 	 	 	 	
1274188874003	2	-17	-1000	29774	30012	29836	 	 	 	 	 	 	 	 	 	 	 	 	
1274188874008	1	-18	-1002	29776	29857	29875	 	 	 	 	 	 	 	 	 	 	 	 	
1274188874011	 	 	 	 	 	 	0.999201	-0.036753	0.0157059	0.0370292	0.999158	-0.0176751	-0.0150431	0.0182425	0.99972	0.176909	0.166035	-0.0914452	
1274188874013	1	-18	-998	29753	29823	29880	 	 	 	 	 	 	 	 	 	 	 	 	
1274188874018	1	-18	-996	29767	29775	29871	 	 	 	 	 	 	 	 	 	 	 	 	
1274188874023	2	-20	-1001	29753	29819	29821	 	 	 	 	 	 	 	 	 	 	 	 	
1274188874028	1	-17	-997	29777	29857	29875	 	 	 	 	 	 	 	 	 	 	 	 	
1274188874033	0	-21	-994	29763	29831	29879	 	 	 	 	 	 	 	 	 	 	 	 	
1274188874038	1	-20	-1000	29753	29823	29881	 	 	 	 	 	 	 	 	 	 	 	 	
1274188874043	-1	-21	-998	29766	30012	29838	 	 	 	 	 	 	 	 	 	 	 	 	
1274188874045	 	 	 	 	 	 	0.999221	-0.0362423	0.0156093	0.0365689	0.999107	-0.0211772	-0.0148278	0.0217316	0.999654	0.176924	0.16638	-0.091396	
1274188874048	-1	-20	-1002	29774	29983	29838	 	 	 	 	 	 	 	 	 	 	 	 	
1274188874053	1	-21	-1001	29771	29966	29888	 	 	 	 	 	 	 	 	 	 	 	 	
1274188874058	-2	-22	-1001	29779	29831	29879	 	 	 	 	 	 	 	 	 	 	 	 	
1274188874063	1	-20	-1000	29756	29881	29821	 	 	 	 	 	 	 	 	 	 	 	 	
1274188874068	3	-20	-1003	29777	29847	29875	 	 	 	 	 	 	 	 	 	 	 	 	
1274188874073	-1	-20	-1002	29756	29881	29821	 	 	 	 	 	 	 	 	 	 	 	 	
1274188874077	 	 	 	 	 	 	0.999199	-0.0366127	0.0161407	0.0369325	0.999118	-0.0199829	-0.0153949	0.020563	0.99967	0.176863	0.166248	-0.091466	
1274188874078	1	-18	-1001	29776	29831	29879	 	 	 	 	 	 	 	 	 	 	 	 	
1274188874083	3	-17	-998	29769	29982	29838	 	 	 	 	 	 	 	 	 	 	 	 	
1274188874088	0	-17	-1000	29774	30012	29836	 	 	 	 	 	 	 	 	 	 	 	 	
1274188874093	2	-18	-1001	29758	30015	29844	 	 	 	 	 	 	 	 	 	 	 	 	
1274188874098	3	-21	-1001	29766	30012	29838	 	 	 	 	 	 	 	 	 	 	 	 	
1274188874103	1	-22	-997	29775	29775	29871	 	 	 	 	 	 	 	 	 	 	 	 	
1274188874108	-1	-22	-997	29774	30012	29836	 	 	 	 	 	 	 	 	 	 	 	 	
1274188874110	 	 	 	 	 	 	0.999209	-0.0363201	0.0161719	0.0366349	0.999136	-0.0196139	-0.0154456	0.0201908	0.999677	0.176869	0.166226	-0.0914005	
1274188874113	0	-18	-1002	29775	29775	29871	 	 	 	 	 	 	 	 	 	 	 	 	
1274188874118	1	-18	-1001	29777	29841	29879	 	 	 	 	 	 	 	 	 	 	 	 	
1274188874123	3	-20	-998	29753	29811	29873	 	 	 	 	 	 	 	 	 	 	 	 	
1274188874128	4	-22	-1001	29753	29811	29823	 	 	 	 	 	 	 	 	 	 	 	 	
1274188874133	4	-18	-998	29770	29844	29875	 	 	 	 	 	 	 	 	 	 	 	 	
1274188874138	0	-18	-1001	29758	29881	29880	 	 	 	 	 	 	 	 	 	 	 	 	
1274188874142	 	 	 	 	 	 	0.999219	-0.0366159	0.014849	0.0369276	0.999091	-0.0212937	-0.0140559	0.0218254	0.999663	0.176996	0.166378	-0.0914135	
1274188874143	1	-18	-1000	29775	29847	29838	 	 	 	 	 	 	 	 	 	 	 	 	
1274188874148	1	-18	-1001	29763	29829	29879	 	 	 	 	 	 	 	 	 	 	 	 	
1274188874153	2	-21	-997	29773	29881	29838	 	 	 	 	 	 	 	 	 	 	 	 	
1274188874159	-1	-17	-1001	29763	29831	29879	 	 	 	 	 	 	 	 	 	 	 	 	
1274188874164	2	-18	-1000	29756	29881	29880	 	 	 	 	 	 	 	 	 	 	 	 	
1274188874169	3	-18	-1000	29753	29811	29823	 	 	 	 	 	 	 	 	 	 	 	 	
1274188874174	1	-17	-1000	29767	29831	29888	 	 	 	 	 	 	 	 	 	 	 	 	
1274188874175	 	 	 	 	 	 	0.99921	-0.0365526	0.0155893	0.0368992	0.999064	-0.0225584	-0.0147502	0.0231158	0.999624	0.176921	0.166492	-0.0914577	
1274188874179	-2	-20	-1003	29763	29881	29820	 	 	 	 	 	 	 	 	 	 	 	 	
1274188874184	0	-18	-1001	29774	29982	29838	 	 	 	 	 	 	 	 	 	 	 	 	
1274188874189	1	-21	-998	29756	29881	29817	 	 	 	 	 	 	 	 	 	 	 	 	
1274188874194	4	-20	-997	29758	29881	29816	 	 	 	 	 	 	 	 	 	 	 	 	
1274188874199	1	-20	-998	29763	29859	29875	 	 	 	 	 	 	 	 	 	 	 	 	
1274188874204	1	-20	-1000	29777	29831	29890	 	 	 	 	 	 	 	 	 	 	 	 	
1274188874207	 	 	 	 	 	 	0.999206	-0.0366579	0.0156256	0.0369734	0.999108	-0.0204047	-0.0148636	0.0209662	0.99967	0.176908	0.166292	-0.091488	
1274188874209	1	-20	-1001	29767	29838	29879	 	 	 	 	 	 	 	 	 	 	 	 	
1274188874214	0	-20	-1003	29767	29831	29871	 	 	 	 	 	 	 	 	 	 	 	 	
1274188874219	1	-18	-1003	29774	30012	29852	 	 	 	 	 	 	 	 	 	 	 	 	
1274188874224	1	-18	-1000	29756	29881	29816	 	 	 	 	 	 	 	 	 	 	 	 	
1274188874229	0	-20	-996	29756	29881	29820	 	 	 	 	 	 	 	 	 	 	 	 	
1274188874234	3	-20	-998	29776	29829	29875	 	 	 	 	 	 	 	 	 	 	 	 	
1274188874239	2	-20	-998	29756	29881	29820	 	 	 	 	 	 	 	 	 	 	 	 	
1274188874241	 	 	 	 	 	 	0.999196	-0.0368814	0.0156889	0.0372036	0.999092	-0.0207678	-0.0149087	0.0213348	0.999661	0.176912	0.166326	-0.0914381	
1274188874244	2	-20	-1001	29776	29831	29875	 	 	 	 	 	 	 	 	 	 	 	 	
1274188874249	0	-18	-1001	29761	29831	29888	 	 	 	 	 	 	 	 	 	 	 	 	
1274188874254	1	-20	-1002	29753	29843	29819	 	 	 	 	 	 	 	 	 	 	 	 	
1274188874259	2	-21	-1002	29756	29873	29881	 	 	 	 	 	 	 	 	 	 	 	 	
1274188874264	0	-20	-1000	29753	29819	29821	 	 	 	 	 	 	 	 	 	 	 	 	
1274188874269	-2	-17	-1000	29778	29824	29871	 	 	 	 	 	 	 	 	 	 	 	 	
1274188874273	 	 	 	 	 	 	0.999205	-0.0365557	0.0159052	0.0368777	0.999111	-0.0204484	-0.0151436	0.0210187	0.999664	0.176892	0.166303	-0.0914194	
1274188874274	-1	-18	-998	29756	29881	29820	 	 	 	 	 	 	 	 	 	 	 	 	
1274188874279	-1	-18	-1002	29774	29831	29836	 	 	 	 	 	 	 	 	 	 	 	 	
1274188874284	3	-21	-1002	29756	29823	29880	 	 	 	 	 	 	 	 	 	 	 	 	
1274188874289	-1	-21	-1003	29777	29831	29891	 	 	 	 	 	 	 	 	 	 	 	 	
1274188874294	2	-24	-1000	29756	29881	29820	 	 	 	 	 	 	 	 	 	 	 	 	
1274188874299	-1	-21	-1002	29767	29829	29879	 	 	 	 	 	 	 	 	 	 	 	 	
1274188874304	0	-20	-1001	29774	30012	29844	 	 	 	 	 	 	 	 	 	 	 	 	
1274188874306	 	 	 	 	 	 	0.999202	-0.0367479	0.0156223	0.0370515	0.999121	-0.0196106	-0.0148879	0.0201738	0.999686	0.176914	0.166215	-0.0914832	
1274188874310	0	-22	-1003	29764	29966	29839	 	 	 	 	 	 	 	 	 	 	 	 	
1274188874315	2	-20	-1001	29767	29966	29838	 	 	 	 	 	 	 	 	 	 	 	 	
1274188874320	4	-18	-1000	29775	29902	29871	 	 	 	 	 	 	 	 	 	 	 	 	
1274188874325	-1	-17	-997	29756	29881	29817	 	 	 	 	 	 	 	 	 	 	 	 	
1274188874330	1	-21	-1000	29758	30015	29848	 	 	 	 	 	 	 	 	 	 	 	 	
1274188874335	1	-21	-1000	29763	29847	29823	 	 	 	 	 	 	 	 	 	 	 	 	
1274188874338	 	 	 	 	 	 	0.999206	-0.0362722	0.0164791	0.0365886	0.999144	-0.0193224	-0.0157641	0.0199101	0.999677	0.176843	0.166197	-0.0914064	
1274188874340	2	-18	-1000	29756	29881	29817	 	 	 	 	 	 	 	 	 	 	 	 	
1274188874345	0	-16	-1000	29753	29811	29821	 	 	 	 	 	 	 	 	 	 	 	 	
1274188874350	0	-20	-1005	29756	30009	29848	 	 	 	 	 	 	 	 	 	 	 	 	
1274188874355	-2	-20	-1004	29756	29873	29881	 	 	 	 	 	 	 	 	 	 	 	 	
1274188874360	1	-20	-1000	29766	29982	29838	 	 	 	 	 	 	 	 	 	 	 	 	
1274188874365	1	-18	-1000	29779	29843	29879	 	 	 	 	 	 	 	 	 	 	 	 	
1274188874370	1	-20	-1000	29753	29857	29875	 	 	 	 	 	 	 	 	 	 	 	 	
1274188874371	 	 	 	 	 	 	0.999197	-0.036344	0.016844	0.0366729	0.999134	-0.0196422	-0.0161156	0.0202441	0.999665	0.176804	0.166226	-0.0913703	
1274188874375	1	-21	-998	29763	29843	29875	 	 	 	 	 	 	 	 	 	 	 	 	
1274188874380	1	-21	-1004	29767	29982	29838	 	 	 	 	 	 	 	 	 	 	 	 	
1274188874385	-1	-20	-1001	29767	29830	29890	 	 	 	 	 	 	 	 	 	 	 	 	
1274188874390	3	-21	-1000	29767	29838	29879	 	 	 	 	 	 	 	 	 	 	 	 	
1274188874395	0	-21	-997	29767	29831	29888	 	 	 	 	 	 	 	 	 	 	 	 	
1274188874400	-1	-18	-998	29767	29859	29839	 	 	 	 	 	 	 	 	 	 	 	 	
1274188874403	 	 	 	 	 	 	0.999203	-0.0367301	0.0156321	0.037027	0.999131	-0.0191473	-0.0149152	0.0197108	0.999694	0.176916	0.166173	-0.0914562	
1274188874405	3	-18	-1001	29767	29839	29888	 	 	 	 	 	 	 	 	 	 	 	 	
1274188874410	2	-18	-1001	29779	29982	29838	 	 	 	 	 	 	 	 	 	 	 	 	
1274188874415	-1	-18	-1002	29777	29847	29875	 	 	 	 	 	 	 	 	 	 	 	 	
1274188874420	0	-17	-1003	29777	29856	29873	 	 	 	 	 	 	 	 	 	 	 	 	
1274188874425	1	-18	-1002	29774	30012	29836	 	 	 	 	 	 	 	 	 	 	 	 	
1274188874430	3	-18	-996	29756	29881	29820	 	 	 	 	 	 	 	 	 	 	 	 	
1274188874435	0	-18	-996	29757	29875	29880	 	 	 	 	 	 	 	 	 	 	 	 	
1274188874437	 	 	 	 	 	 	0.99921	-0.0362275	0.0163295	0.0365653	0.999113	-0.0208807	-0.0155586	0.0214613	0.999649	0.176848	0.166344	-0.0913938	
1274188874440	0	-21	-996	29767	29828	29871	 	 	 	 	 	 	 	 	 	 	 	 	
1274188874445	-2	-20	-997	29777	29831	29879	 	 	 	 	 	 	 	 	 	 	 	 	
1274188874450	1	-18	-1001	29777	29856	29875	 	 	 	 	 	 	 	 	 	 	 	 	
1274188874455	0	-20	-998	29763	29846	29879	 	 	 	 	 	 	 	 	 	 	 	 	
1274188874460	0	-20	-998	29777	29859	29875	 	 	 	 	 	 	 	 	 	 	 	 	
1274188874465	-1	-17	-1001	29763	29847	29875	 	 	 	 	 	 	 	 	 	 	 	 	
1274188874469	 	 	 	 	 	 	0.999214	-0.0361109	0.0163661	0.0364531	0.999112	-0.0211131	-0.0155892	0.0216931	0.999643	0.176857	0.166373	-0.0913696	
1274188874470	1	-18	-1001	29767	29775	29871	 	 	 	 	 	 	 	 	 	 	 	 	
1274188874475	4	-16	-1002	29774	30012	29836	 	 	 	 	 	 	 	 	 	 	 	 	
1274188874480	3	-16	-1000	29757	29819	29881	 	 	 	 	 	 	 	 	 	 	 	 	
1274188874485	2	-18	-1000	29779	29831	29887	 	 	 	 	 	 	 	 	 	 	 	 	
1274188874490	2	-20	-997	29775	29824	29888	 	 	 	 	 	 	 	 	 	 	 	 	
1274188874496	3	-20	-1000	29767	29966	29839	 	 	 	 	 	 	 	 	 	 	 	 	
1274188874501	5	-18	-997	29777	29856	29875	 	 	 	 	 	 	 	 	 	 	 	 	
1274188874502	 	 	 	 	 	 	0.999192	-0.0363464	0.0171681	0.0367066	0.999102	-0.0211527	-0.0163839	0.0217658	0.999629	0.176772	0.166374	-0.0914058	
1274188874506	1	-21	-1003	29767	29829	29871	 	 	 	 	 	 	 	 	 	 	 	 	
1274188874511	4	-21	-998	29777	29831	29879	 	 	 	 	 	 	 	 	 	 	 	 	
1274188874516	1	-21	-1000	29775	29982	29838	 	 	 	 	 	 	 	 	 	 	 	 	
1274188874521	-2	-21	-1001	29756	29881	29817	 	 	 	 	 	 	 	 	 	 	 	 	
1274188874526	-6	-20	-1003	29767	29831	29879	 	 	 	 	 	 	 	 	 	 	 	 	
1274188874531	-3	-20	-1001	29753	29819	29819	 	 	 	 	 	 	 	 	 	 	 	 	
1274188874534	 	 	 	 	 	 	0.999214	-0.0362662	0.0160258	0.0365927	0.999119	-0.0205704	-0.0152656	0.0211406	0.99966	0.176888	0.16632	-0.0913922	
1274188874536	-1	-20	-994	29779	29828	29879	 	 	 	 	 	 	 	 	 	 	 	 	
1274188874541	-1	-17	-995	29783	29847	29891	 	 	 	 	 	 	 	 	 	 	 	 	
1274188874546	-2	-21	-998	29774	30012	29838	 	 	 	 	 	 	 	 	 	 	 	 	
1274188874551	2	-21	-998	29756	29881	29817	 	 	 	 	 	 	 	 	 	 	 	 	
1274188874556	1	-22	-997	29764	29966	29871	 	 	 	 	 	 	 	 	 	 	 	 	
1274188874561	2	-20	-1001	29774	30012	29838	 	 	 	 	 	 	 	 	 	 	 	 	
1274188874566	1	-20	-1003	29774	29839	29838	 	 	 	 	 	 	 	 	 	 	 	 	
1274188874567	 	 	 	 	 	 	0.999203	-0.0366219	0.015869	0.0369411	0.999111	-0.020309	-0.0151111	0.020879	0.999668	0.176901	0.166284	-0.0914144	
1274188874571	1	-20	-1004	29775	29966	29839	 	 	 	 	 	 	 	 	 	 	 	 	
1274188874576	3	-20	-998	29753	29811	29873	 	 	 	 	 	 	 	 	 	 	 	 	
1274188874581	3	-20	-1000	29758	29881	29816	 	 	 	 	 	 	 	 	 	 	 	 	
1274188874586	0	-18	-1002	29767	29830	29871	 	 	 	 	 	 	 	 	 	 	 	 	
1274188874591	1	-18	-1001	29776	29843	29875	 	 	 	 	 	 	 	 	 	 	 	 	
1274188874596	1	-21	-1002	29767	29842	29888	 	 	 	 	 	 	 	 	 	 	 	 	
1274188874599	 	 	 	 	 	 	0.999192	-0.0364104	0.0170457	0.0367742	0.999092	-0.0215357	-0.0162461	0.0221451	0.999623	0.176778	0.166404	-0.0914069	
1274188874601	2	-18	-1000	29763	29857	29875	 	 	 	 	 	 	 	 	 	 	 	 	
1274188874606	1	-18	-997	29775	29830	29871	 	 	 	 	 	 	 	 	 	 	 	 	
1274188874611	2	-21	-998	29753	29811	29823	 	 	 	 	 	 	 	 	 	 	 	 	
1274188874616	3	-18	-998	29768	29774	29871	 	 	 	 	 	 	 	 	 	 	 	 	
1274188874621	2	-18	-1001	29775	29966	29839	 	 	 	 	 	 	 	 	 	 	 	 	
1274188874626	1	-20	-1002	29770	29842	29838	 	 	 	 	 	 	 	 	 	 	 	 	
1274188874631	1	-20	-1001	29763	29831	29879	 	 	 	 	 	 	 	 	 	 	 	 	
1274188874633	 	 	 	 	 	 	0.999222	-0.0362507	0.0155259	0.0365913	0.999083	-0.0222462	-0.0147052	0.022797	0.999632	0.17693	0.166474	-0.0914002	
1274188874636	1	-20	-1002	29753	29811	29823	 	 	 	 	 	 	 	 	 	 	 	 	
1274188874641	0	-18	-1000	29775	29966	29888	 	 	 	 	 	 	 	 	 	 	 	 	
1274188874646	0	-18	-1000	29766	29824	29871	 	 	 	 	 	 	 	 	 	 	 	 	
1274188874651	-2	-21	-1000	29756	29873	29880	 	 	 	 	 	 	 	 	 	 	 	 	
1274188874656	-1	-22	-1000	29767	29828	29871	 	 	 	 	 	 	 	 	 	 	 	 	
1274188874661	-2	-21	-997	29775	29952	29871	 	 	 	 	 	 	 	 	 	 	 	 	
1274188874665	 	 	 	 	 	 	0.999225	-0.0361724	0.0155136	0.0365116	0.999087	-0.0221685	-0.0146976	0.0227178	0.999634	0.176924	0.166471	-0.0914097	
1274188874666	0	-20	-997	29774	30012	29836	 	 	 	 	 	 	 	 	 	 	 	 	
1274188874671	0	-21	-997	29758	30012	29848	 	 	 	 	 	 	 	 	 	 	 	 	
1274188874677	1	-20	-1001	29774	30012	29836	 	 	 	 	 	 	 	 	 	 	 	 	
1274188874682	2	-20	-1000	29774	30012	29836	 	 	 	 	 	 	 	 	 	 	 	 	
1274188874687	0	-16	-1000	29763	29845	29875	 	 	 	 	 	 	 	 	 	 	 	 	
1274188874692	2	-20	-998	29777	29843	29879	 	 	 	 	 	 	 	 	 	 	 	 	
1274188874697	1	-21	-1002	29771	29824	29871	 	 	 	 	 	 	 	 	 	 	 	 	
1274188874698	 	 	 	 	 	 	0.999187	-0.036654	0.016816	0.0369627	0.999147	-0.0184295	-0.0161261	0.0190361	0.999689	0.176799	0.166108	-0.0914219	
1274188874702	4	-21	-997	29774	30012	29836	 	 	 	 	 	 	 	 	 	 	 	 	
1274188874707	2	-21	-997	29777	29858	29823	 	 	 	 	 	 	 	 	 	 	 	 	
1274188874712	-1	-17	-998	29757	29819	29881	 	 	 	 	 	 	 	 	 	 	 	 	
1274188874717	-3	-17	-1000	29774	30012	29848	 	 	 	 	 	 	 	 	 	 	 	 	
1274188874722	2	-18	-998	29756	29881	29880	 	 	 	 	 	 	 	 	 	 	 	 	
1274188874727	1	-20	-1000	29763	29839	29879	 	 	 	 	 	 	 	 	 	 	 	 	
1274188874730	 	 	 	 	 	 	0.999218	-0.0361406	0.0160375	0.0364594	0.999134	-0.020058	-0.0152987	0.020627	0.99967	0.176879	0.166272	-0.0913823	
1274188874732	2	-20	-1000	29777	29847	29875	 	 	 	 	 	 	 	 	 	 	 	 	
1274188874737	-2	-23	-1002	29774	30012	29844	 	 	 	 	 	 	 	 	 	 	 	 	
1274188874742	2	-20	-1000	29753	29843	29875	 	 	 	 	 	 	 	 	 	 	 	 	
1274188874747	0	-22	-1000	29753	29819	29823	 	 	 	 	 	 	 	 	 	 	 	 	
1274188874752	0	-22	-1000	29774	30014	29848	 	 	 	 	 	 	 	 	 	 	 	 	
1274188874757	-1	-18	-1003	29776	29847	29875	 	 	 	 	 	 	 	 	 	 	 	 	
1274188874762	3	-18	-1000	29756	29881	29820	 	 	 	 	 	 	 	 	 	 	 	 	
1274188874763	 	 	 	 	 	 	0.999218	-0.0364316	0.0153893	0.0367598	0.99909	-0.0216096	-0.014588	0.0221584	0.999648	0.176936	0.166409	-0.091443	
1274188874767	2	-21	-1003	29756	29881	29817	 	 	 	 	 	 	 	 	 	 	 	 	
1274188874772	2	-21	-1001	29753	29811	29873	 	 	 	 	 	 	 	 	 	 	 	 	
1274188874777	0	-18	-1001	29777	29856	29819	 	 	 	 	 	 	 	 	 	 	 	 	
1274188874782	3	-20	-1002	29781	29824	29888	 	 	 	 	 	 	 	 	 	 	 	 	
1274188874787	0	-20	-1000	29777	29831	29838	 	 	 	 	 	 	 	 	 	 	 	 	
1274188874792	0	-21	-1001	29777	29842	29879	 	 	 	 	 	 	 	 	 	 	 	 	
1274188874795	 	 	 	 	 	 	0.999204	-0.0364666	0.0161797	0.0367877	0.999123	-0.0200154	-0.0154356	0.0205947	0.999669	0.176863	0.166256	-0.0914435	
1274188874797	1	-20	-1001	29767	29838	29879	 	 	 	 	 	 	 	 	 	 	 	 	
1274188874802	-1	-18	-1002	29774	30012	29836	 	 	 	 	 	 	 	 	 	 	 	 	
1274188874807	0	-18	-1002	29767	29811	29875	 	 	 	 	 	 	 	 	 	 	 	 	
1274188874812	1	-20	-1001	29758	30013	29836	 	 	 	 	 	 	 	 	 	 	 	 	
1274188874817	1	-18	-1004	29774	30012	29836	 	 	 	 	 	 	 	 	 	 	 	 	
1274188874822	-1	-20	-1002	29756	29873	29821	 	 	 	 	 	 	 	 	 	 	 	 	
1274188874827	-2	-20	-1001	29777	29859	29875	 	 	 	 	 	 	 	 	 	 	 	 	
1274188874829	 	 	 	 	 	 	0.999218	-0.0363578	0.0155142	0.0366738	0.999115	-0.0206	-0.0147515	0.0211529	0.999667	0.176917	0.166314	-0.0914547	
1274188874832	0	-20	-1003	29772	30012	29838	 	 	 	 	 	 	 	 	 	 	 	 	
1274188874837	2	-17	-1003	29779	29844	29888	 	 	 	 	 	 	 	 	 	 	 	 	
1274188874842	0	-20	-1000	29756	29823	29881	 	 	 	 	 	 	 	 	 	 	 	 	
1274188874847	1	-18	-998	29777	29857	29823	 	 	 	 	 	 	 	 	 	 	 	 	
1274188874852	2	-18	-1001	29774	29980	29838	 	 	 	 	 	 	 	 	 	 	 	 	
1274188874857	2	-18	-998	29775	29964	29892	 	 	 	 	 	 	 	 	 	 	 	 	
1274188874861	 	 	 	 	 	 	0.999225	-0.0362812	0.0152961	0.0365954	0.999114	-0.0207907	-0.0145283	0.0213344	0.999667	0.176947	0.166334	-0.0914343	
1274188874862	0	-21	-1000	29753	29881	29817	 	 	 	 	 	 	 	 	 	 	 	 	
1274188874867	0	-21	-1001	29763	29843	29875	 	 	 	 	 	 	 	 	 	 	 	 	
1274188874872	0	-21	-1001	29766	29966	29839	 	 	 	 	 	 	 	 	 	 	 	 	
1274188874877	-1	-22	-998	29771	29838	29871	 	 	 	 	 	 	 	 	 	 	 	 	
1274188874882	3	-21	-996	29758	30012	29840	 	 	 	 	 	 	 	 	 	 	 	 	
1274188874887	2	-21	-995	29767	29831	29879	 	 	 	 	 	 	 	 	 	 	 	 	
1274188874892	3	-21	-1000	29756	29873	29880	 	 	 	 	 	 	 	 	 	 	 	 	
1274188874894	 	 	 	 	 	 	0.999214	-0.0363515	0.0157815	0.0366765	0.99911	-0.020822	-0.0150106	0.0213845	0.999659	0.176892	0.16634	-0.0914244	
1274188874897	2	-22	-996	29756	29881	29820	 	 	 	 	 	 	 	 	 	 	 	 	
1274188874902	1	-18	-1001	29756	29992	29852	 	 	 	 	 	 	 	 	 	 	 	 	
1274188874907	2	-18	-1001	29756	29881	29880	 	 	 	 	 	 	 	 	 	 	 	 	
